,time,species_0,species_1,species_2,species_3,species_4,species_5,species_6,species_7,species_8,species_9,ground_truth,timeseries_id,noise,n_species,did,n_timeseries,n_timepoints,sampling_scheme
0,6.0606060606060606,0.3069805320132786,0.2058410481917481,0.2047711900706952,0.3108964685227414,0.0716601645040116,0.2498100173706241,0.1049229192231491,0.3992775559806324,0.0932937122668775,0.1266243499394413,10_sp_aij_18,36656,0.01,10,5594,22,15,seq
1,7.272727272727273,0.2917773081595595,0.2093517377033724,0.2032733703843026,0.34622913474004,0.0736185872086184,0.2305620949532917,0.1464607307935436,0.4177556831530124,0.1083189833413335,0.1319841973964979,10_sp_aij_18,36656,0.01,10,5594,22,15,seq
2,8.484848484848484,0.2794481554926324,0.218950384081139,0.1974094842165178,0.3486976794157521,0.0749710703019326,0.2213630795183079,0.175207231450754,0.4439537321747067,0.1188407785856859,0.1305461303053064,10_sp_aij_18,36656,0.01,10,5594,22,15,seq
3,10.0,0.2717928270814636,0.2302090297106522,0.1938991156472171,0.3456504347512185,0.0734892445874312,0.2146826118242519,0.1894297773969737,0.4620611179376196,0.1238130152841096,0.1177547118555087,10_sp_aij_18,36656,0.01,10,5594,22,15,seq
4,11.212121212121213,0.2703311631964761,0.2299530165743315,0.1939274612687832,0.3294310942847956,0.0692061226360838,0.2159153691901379,0.1927687522683092,0.4582434161904595,0.1226546571773662,0.1134548546263075,10_sp_aij_18,36656,0.01,10,5594,22,15,seq
5,12.424242424242424,0.277299031497474,0.2271394501487715,0.1953314518389691,0.3456362942836678,0.0692637203312938,0.2198324411994936,0.1982430741316582,0.4613507878791454,0.1219088792733431,0.1140711027025801,10_sp_aij_18,36656,0.01,10,5594,22,15,seq
6,13.636363636363637,0.2740531236698307,0.2289571994837453,0.1968555599267942,0.3444790708150725,0.0673147496844775,0.2190911774147486,0.2058468154118384,0.4684018189390382,0.1255843588479777,0.1130390075461666,10_sp_aij_18,36656,0.01,10,5594,22,15,seq
7,14.84848484848485,0.2781765964374746,0.230226581454706,0.1916716630317007,0.3490892511279542,0.0642364296130341,0.2133024854804399,0.2047153313262027,0.4644758169261257,0.1269904952606494,0.1108486416244605,10_sp_aij_18,36656,0.01,10,5594,22,15,seq
8,16.060606060606062,0.2750072411567032,0.2209277085444474,0.1908279243633352,0.3426153875399668,0.0632162679264371,0.2152813237621591,0.1980567643560004,0.4683110675414035,0.1290015707497742,0.1133354429237785,10_sp_aij_18,36656,0.01,10,5594,22,15,seq
9,17.272727272727273,0.286524118165733,0.2290755058432333,0.1907159281737921,0.3479189302880965,0.0620357142560727,0.2198493391953259,0.2042876973629892,0.463590064611692,0.1302435540984559,0.1173816696286348,10_sp_aij_18,36656,0.01,10,5594,22,15,seq
10,18.484848484848484,0.2830590041920962,0.2336138201239751,0.1884439560717465,0.3513481514174265,0.0614671652523812,0.2235787423860315,0.2017628766987782,0.4719700664923077,0.1289446027617447,0.1164707279707281,10_sp_aij_18,36656,0.01,10,5594,22,15,seq
11,20.0,0.2837016918137668,0.2283572430622577,0.1884291245556272,0.3528165736137198,0.0602027266252884,0.2192842881117029,0.2066709717678185,0.4676220373643815,0.1275937758008611,0.113509099764153,10_sp_aij_18,36656,0.01,10,5594,22,15,seq
12,21.21212121212121,0.2855808427290642,0.2286039425827874,0.190266301655558,0.3545543418853889,0.0601781167811317,0.2171850189578529,0.2042134991235588,0.4789125288098478,0.1269553511797524,0.1129877906394118,10_sp_aij_18,36656,0.01,10,5594,22,15,seq
13,22.424242424242426,0.2792554468886605,0.2258446887838013,0.1931990318419983,0.3504774346555322,0.0603817519249562,0.2140254976384083,0.2032955079687259,0.4663304388456871,0.1287693234795313,0.1127239592865942,10_sp_aij_18,36656,0.01,10,5594,22,15,seq
14,23.63636363636364,0.2796347198013941,0.2363924391765838,0.1916103941621331,0.352321699526391,0.0608825981628506,0.2093134187891022,0.2059730065793711,0.473174913289043,0.1268597302781806,0.1136976304439164,10_sp_aij_18,36656,0.01,10,5594,22,15,seq
15,8.484848484848484,0.2626006817719421,0.2387497188754992,0.1756231185204018,0.2992771517905054,0.0801162970707233,0.186388460701576,0.1951884692352219,0.4475543780908386,0.0959977190429197,0.0461855294583616,10_sp_aij_18,416304,0.01,10,5594,22,15,seq
16,10.0,0.271397034873788,0.2449586439401205,0.1761744468622713,0.3039504942249539,0.0759223328917408,0.181408823590026,0.1946357491513664,0.4514081111805887,0.10832830811399,0.0518020645262562,10_sp_aij_18,416304,0.01,10,5594,22,15,seq
17,11.212121212121213,0.2680400011524579,0.2406401792194247,0.1716628484335682,0.2943787937916493,0.0708095398600306,0.1836264840702204,0.1894024388843604,0.4526380594428792,0.1154988127739003,0.0578539671141509,10_sp_aij_18,416304,0.01,10,5594,22,15,seq
18,12.424242424242424,0.275192500575171,0.2374423418407638,0.1767581662908305,0.289628744341388,0.0699823309717087,0.1884051039842091,0.1912590600934522,0.4443230458004162,0.1211140357782913,0.0633431015705617,10_sp_aij_18,416304,0.01,10,5594,22,15,seq
19,13.636363636363637,0.2769442744576099,0.2307992872728085,0.1832719093520485,0.2977453899303973,0.0672736043801815,0.198274590054069,0.1919483821532432,0.4521664158767957,0.1219685729766298,0.0701404971406096,10_sp_aij_18,416304,0.01,10,5594,22,15,seq
20,14.84848484848485,0.2729737643955763,0.2380437325015068,0.183568269843113,0.3133611913573296,0.0665528318565435,0.1969559924804626,0.1987115718108161,0.4532073541140538,0.1220143029630553,0.0737696239861557,10_sp_aij_18,416304,0.01,10,5594,22,15,seq
21,16.060606060606062,0.2782144697884904,0.2337321387160502,0.1815977356443684,0.3101614023923205,0.0651218681898608,0.1976567757972197,0.191420390174672,0.4513908677910794,0.1248305001207533,0.0813515916750369,10_sp_aij_18,416304,0.01,10,5594,22,15,seq
22,17.272727272727273,0.2823617423819342,0.2312018960520249,0.180983664192785,0.3152410556541926,0.0647823834661171,0.2023894912416028,0.1930653243118149,0.4598385485062304,0.1263656024503176,0.0864616355587244,10_sp_aij_18,416304,0.01,10,5594,22,15,seq
23,18.484848484848484,0.2863682999096869,0.2295309871065968,0.1830375707342602,0.3188165586781415,0.0628419535848617,0.209470336553993,0.1979768257413691,0.4646714516215746,0.1245876768944108,0.0894803305201394,10_sp_aij_18,416304,0.01,10,5594,22,15,seq
24,20.0,0.290518834990674,0.2354263422465405,0.1821984453856517,0.3322953800485244,0.0638328753020718,0.2040500625292327,0.1926824271070239,0.466879994537988,0.1246994592605789,0.0934509803369804,10_sp_aij_18,416304,0.01,10,5594,22,15,seq
25,21.21212121212121,0.2765108482900794,0.2323180319121679,0.1843546064183307,0.3205430373968552,0.064043408355405,0.2074267220568236,0.1897688596048153,0.463067390105677,0.1287951312228731,0.0941638896169164,10_sp_aij_18,416304,0.01,10,5594,22,15,seq
26,22.424242424242426,0.2841338214798501,0.2352974110305026,0.1853358016884254,0.322794708147245,0.0626769099338758,0.2121663228811493,0.1975472391567159,0.4709993942950625,0.1296043008031338,0.0968188419953959,10_sp_aij_18,416304,0.01,10,5594,22,15,seq
27,23.63636363636364,0.2889961769519552,0.231271346704601,0.1919726784191818,0.345644395755991,0.0628816200024061,0.2124828900807267,0.1938328214971627,0.4589778341263997,0.1265082321394139,0.0994785437793072,10_sp_aij_18,416304,0.01,10,5594,22,15,seq
28,24.848484848484848,0.2907464652655638,0.2293694854726726,0.1896006496713242,0.3406477720642352,0.061804306179955,0.2093543738426146,0.2073250605366039,0.4663515794012047,0.1291613441149971,0.1012176823889641,10_sp_aij_18,416304,0.01,10,5594,22,15,seq
29,26.060606060606062,0.2854491966074068,0.2274643630624505,0.1854154960644281,0.3517684402484538,0.0622917951428691,0.2085452543948263,0.2091954828792396,0.4643843418320501,0.1284188973057468,0.1039249919157237,10_sp_aij_18,416304,0.01,10,5594,22,15,seq
30,8.484848484848484,0.2735523585007959,0.2306749676319606,0.1936393652402749,0.3949687251170862,0.0789414644748206,0.2169369103096588,0.2301159189591014,0.4760399886409008,0.1099373912671535,0.1330492497555042,10_sp_aij_18,591973,0.01,10,5594,22,15,seq
31,10.0,0.2746041354633513,0.2373536153088147,0.1889620518495918,0.3693168382239489,0.0739840067431492,0.2174305297025342,0.2116138113584799,0.4720096797401051,0.1173241131500199,0.1215456878290719,10_sp_aij_18,591973,0.01,10,5594,22,15,seq
32,11.212121212121213,0.2843706487363126,0.2392251806404255,0.1852675002737369,0.3580152740814351,0.0677074361145746,0.2190876483359054,0.1993408158856699,0.4663163955583679,0.1279158462197861,0.1161747151129345,10_sp_aij_18,591973,0.01,10,5594,22,15,seq
33,12.424242424242424,0.2841327723716311,0.2391354460111716,0.1869074427200932,0.3468376482774317,0.0644155904705508,0.213931574832938,0.1975837033894966,0.4660076446590462,0.1322482873084145,0.1131776104468197,10_sp_aij_18,591973,0.01,10,5594,22,15,seq
34,13.636363636363637,0.2811549531125269,0.2343336929491699,0.1866502602189075,0.3477008686962072,0.0642226983203448,0.2118429582595359,0.196807549860894,0.4690106110869194,0.1301663141185341,0.1124941592491933,10_sp_aij_18,591973,0.01,10,5594,22,15,seq
35,14.84848484848485,0.2714733823321699,0.2285650606921175,0.1915194390717536,0.3413574640879917,0.0639832936404457,0.2104358697245026,0.2004088212170241,0.4753961932285769,0.1301051919914465,0.1105957359022506,10_sp_aij_18,591973,0.01,10,5594,22,15,seq
36,16.060606060606062,0.2815345969766701,0.226740466196449,0.1934848174686461,0.3433887097099794,0.0639362535785169,0.214183358767749,0.2044001791706155,0.4681400793530062,0.1257068748689462,0.1100666764314555,10_sp_aij_18,591973,0.01,10,5594,22,15,seq
37,17.272727272727273,0.281747215699065,0.2318075337247271,0.1901414828346528,0.3449976743045378,0.0629140208169315,0.2138063469249174,0.1984042959792459,0.469404052151942,0.1251037350304372,0.1090233456231093,10_sp_aij_18,591973,0.01,10,5594,22,15,seq
38,18.484848484848484,0.2842009890738922,0.2325170224543279,0.1836631801708342,0.3468594643683904,0.0621394602767638,0.2135125745014622,0.1966622259061034,0.4654291566950556,0.1299094316472235,0.1105965896258057,10_sp_aij_18,591973,0.01,10,5594,22,15,seq
39,20.0,0.2815041217604409,0.2301797271843633,0.1841793539169823,0.3479925343090215,0.0624245785245533,0.2174154677893272,0.1995719688948254,0.4689993434978889,0.1294976561565188,0.1106017668524131,10_sp_aij_18,591973,0.01,10,5594,22,15,seq
40,21.21212121212121,0.2843952887001256,0.234884775433719,0.1861435262144443,0.3503820338522977,0.0619810064129618,0.2153292432502621,0.2014423823059521,0.4678583136534758,0.1307933300356071,0.1092767262819565,10_sp_aij_18,591973,0.01,10,5594,22,15,seq
41,22.424242424242426,0.2894888434046758,0.2355228639028165,0.1862850040537505,0.3455077076645005,0.061841034577739,0.2151409286304917,0.2019248525456572,0.4684861954800651,0.1314414243941967,0.1112380556817755,10_sp_aij_18,591973,0.01,10,5594,22,15,seq
42,23.63636363636364,0.278875896530069,0.2265247636527297,0.1919689179777777,0.3397752506966668,0.0596174772624918,0.2173042954654091,0.1967357793791949,0.4706318834490081,0.1304547038882542,0.1116876294071717,10_sp_aij_18,591973,0.01,10,5594,22,15,seq
43,24.848484848484848,0.2826789276567096,0.2322236496993971,0.1951329507199954,0.3363167062884988,0.0599869220857314,0.2137024995768074,0.195472358220539,0.4598406659918339,0.1319503860919068,0.1104448980204863,10_sp_aij_18,591973,0.01,10,5594,22,15,seq
44,26.060606060606062,0.2881698014661046,0.2331551779919077,0.1852919262873786,0.3426710334987599,0.0583604874001946,0.2120259186095615,0.1999129583945695,0.4765419328827958,0.1332691690871545,0.1137653095436231,10_sp_aij_18,591973,0.01,10,5594,22,15,seq
45,10.0,0.2842624365082709,0.2386240205832301,0.1852259232713978,0.3218219838102906,0.0707687915828227,0.2124941508566489,0.1918009891019047,0.4714666214151414,0.1322586510658901,0.1000573266492749,10_sp_aij_18,2091765,0.01,10,5594,22,15,seq
46,11.212121212121213,0.2830778100781004,0.2351431654429421,0.187360799227718,0.3236644976438002,0.065625416203109,0.2157162030099754,0.1962849631091662,0.4661023876109815,0.127515505835256,0.1027220020261279,10_sp_aij_18,2091765,0.01,10,5594,22,15,seq
47,12.424242424242424,0.2852007021205044,0.2300792668747552,0.1919520381873988,0.3349668491566462,0.0641632620508023,0.2191161552982797,0.2054632653223742,0.46569227343553,0.1247619577659833,0.1020632970329568,10_sp_aij_18,2091765,0.01,10,5594,22,15,seq
48,13.636363636363637,0.2763817428708299,0.2250743246322372,0.1845885243773785,0.3448904417859422,0.0623286499343303,0.2165306240831775,0.207948305559556,0.4679468380649463,0.1256697874711095,0.1077323165475748,10_sp_aij_18,2091765,0.01,10,5594,22,15,seq
49,14.84848484848485,0.2731443780282548,0.2256492436128853,0.1865781658330806,0.3494454970332251,0.0616013947006393,0.2127798400172217,0.204336081599666,0.4584465172255248,0.1273528359288416,0.1074632759614802,10_sp_aij_18,2091765,0.01,10,5594,22,15,seq
50,16.060606060606062,0.2817711695819299,0.2323457805101894,0.1895462220168863,0.3439162541034086,0.0611737874995658,0.2181985406786142,0.2031289564976694,0.4702037839327005,0.1240985499494412,0.1087319788081039,10_sp_aij_18,2091765,0.01,10,5594,22,15,seq
51,17.272727272727273,0.2791191977370469,0.2307290527743017,0.187350075459709,0.3457185674757478,0.0592062153329785,0.2204393190993058,0.2070422682526375,0.4649361149838952,0.1257757584248549,0.1114628551527381,10_sp_aij_18,2091765,0.01,10,5594,22,15,seq
52,18.484848484848484,0.2765037102079536,0.2252546262246546,0.1872911482445356,0.3476565040068675,0.0574651545367667,0.2165923485931606,0.2027476614049112,0.479080844819312,0.1251726235038985,0.1116590536496593,10_sp_aij_18,2091765,0.01,10,5594,22,15,seq
53,20.0,0.2783479447257476,0.2261869876298068,0.1910745163785755,0.3546579516388371,0.0581808891885818,0.2157728416568126,0.2030047864331779,0.4667440417573261,0.1272833263567241,0.114952087476564,10_sp_aij_18,2091765,0.01,10,5594,22,15,seq
54,21.21212121212121,0.282300007580931,0.2220349335146522,0.1876444446600925,0.344109048126659,0.0588067041737141,0.2179436259862298,0.2062642967616001,0.4572783075605929,0.1261081584415535,0.1154493629975364,10_sp_aij_18,2091765,0.01,10,5594,22,15,seq
55,22.424242424242426,0.2825566407172369,0.2261532822027427,0.1928099293108906,0.341195275415311,0.0586014924358238,0.2132258096525916,0.2061673459481139,0.4698686979842364,0.1294013300334223,0.1141107664152205,10_sp_aij_18,2091765,0.01,10,5594,22,15,seq
56,23.63636363636364,0.2942406779286239,0.2241808221225945,0.1912336605631839,0.3491756510702707,0.0573575991875186,0.2129927839316339,0.2060898799026484,0.4704529885834271,0.1269792566739159,0.120075402213409,10_sp_aij_18,2091765,0.01,10,5594,22,15,seq
57,24.848484848484848,0.2864143698114986,0.2274793354120924,0.1890613495571381,0.3505964982209982,0.0602931358594706,0.2170856094171765,0.2050458558105178,0.4654315059951358,0.1309653380031205,0.1156335910575136,10_sp_aij_18,2091765,0.01,10,5594,22,15,seq
58,26.060606060606062,0.2893465478304163,0.2300190839752326,0.1928646777754979,0.3497106036399001,0.0578221421434371,0.2215557425597945,0.2092279335933137,0.4749152803165552,0.1337486053536569,0.118284433345578,10_sp_aij_18,2091765,0.01,10,5594,22,15,seq
59,27.272727272727277,0.2822096732843485,0.2290390295283502,0.1887856678295988,0.3559709907737285,0.0578444600994627,0.2151252592025704,0.2078888108910247,0.472858881888176,0.129858163655958,0.1165145979878459,10_sp_aij_18,2091765,0.01,10,5594,22,15,seq
60,7.272727272727273,0.2631473693335882,0.240710301056824,0.1814411037553279,0.3463347559832506,0.1007037241636673,0.1871388114900836,0.200385564483157,0.4420926890118462,0.0642604320741658,0.0845696949892168,10_sp_aij_18,2369231,0.01,10,5594,22,15,seq
61,8.484848484848484,0.2720219051963066,0.2460869711212153,0.1786893660546822,0.3299933161507442,0.0916696772069593,0.1870698776126807,0.1973872527605715,0.4488812062118145,0.0841325997019662,0.0804756277929102,10_sp_aij_18,2369231,0.01,10,5594,22,15,seq
62,10.0,0.2631886569740647,0.2418354167764601,0.1728634277081817,0.3161779035266243,0.0806725043947453,0.1948465406880991,0.1945721391433918,0.4427569073163764,0.1031158817944044,0.0766825305708785,10_sp_aij_18,2369231,0.01,10,5594,22,15,seq
63,11.212121212121213,0.2673518585804098,0.2397067391100037,0.1806510898979805,0.3204420910267394,0.0737467942555662,0.1982256343237302,0.1963520262947869,0.4520157057848445,0.1121341002562623,0.0806937421316008,10_sp_aij_18,2369231,0.01,10,5594,22,15,seq
64,12.424242424242424,0.2762951184098924,0.2369541318949146,0.1790882352015023,0.3247996568243487,0.0695561050926398,0.1978550424253302,0.1956632276228463,0.4541225911529766,0.1188453867693275,0.0827807581496029,10_sp_aij_18,2369231,0.01,10,5594,22,15,seq
65,13.636363636363637,0.2759735186207019,0.2308519719452852,0.1827240701216765,0.3241874177223092,0.0662482214385859,0.2019062725118502,0.1962141011026276,0.4548666259988949,0.1215847669336574,0.0884792931055733,10_sp_aij_18,2369231,0.01,10,5594,22,15,seq
66,14.84848484848485,0.2805403183476549,0.2274169923124348,0.1880634546717616,0.3306467762938885,0.0646303410638881,0.2099671878212632,0.1975401648211255,0.473380363207841,0.1240129488656031,0.0944723162434242,10_sp_aij_18,2369231,0.01,10,5594,22,15,seq
67,16.060606060606062,0.2836490903936487,0.2267363729509796,0.1868100026291609,0.3303141866760542,0.0624633527980275,0.2131057321932345,0.2005482471739171,0.4722272504024891,0.125287991654252,0.099286700684113,10_sp_aij_18,2369231,0.01,10,5594,22,15,seq
68,17.272727272727273,0.2771010132587174,0.2224075040884408,0.1846145509037127,0.3362646180380789,0.0634954405749409,0.218686829529015,0.1996606258912921,0.4643609531587503,0.1230040156136065,0.1053307662989762,10_sp_aij_18,2369231,0.01,10,5594,22,15,seq
69,18.484848484848484,0.27843957810228,0.2256211012789346,0.1870088819079357,0.3386781212277582,0.0619398185517087,0.2165568323363039,0.1977843830782833,0.4566801934162791,0.1193526203089123,0.1093710524892387,10_sp_aij_18,2369231,0.01,10,5594,22,15,seq
70,20.0,0.2893642877783951,0.2277701207430768,0.1838024203149225,0.3421542959692994,0.06338816536016,0.2173832990745982,0.1982899764608846,0.4593520584571297,0.122627303288386,0.1116526387486592,10_sp_aij_18,2369231,0.01,10,5594,22,15,seq
71,21.21212121212121,0.2787476062274237,0.2312168779749661,0.187006660869546,0.3417702628862273,0.0616386129163198,0.2160913643460738,0.1996384247609229,0.4657729325739873,0.1246863955943308,0.1106230862331371,10_sp_aij_18,2369231,0.01,10,5594,22,15,seq
72,22.424242424242426,0.276849720936876,0.231622383165371,0.1908435950063263,0.3571376423138342,0.0629819273408379,0.2111309436582556,0.2013124412236306,0.4665491292239747,0.1251436166202743,0.1099136240805382,10_sp_aij_18,2369231,0.01,10,5594,22,15,seq
73,23.63636363636364,0.2821370288398793,0.2345425618278592,0.1898892593258311,0.3469158997271801,0.0641239766909726,0.2116722993544032,0.2007752110528455,0.4651330283263264,0.132320811550352,0.1063800632496588,10_sp_aij_18,2369231,0.01,10,5594,22,15,seq
74,24.848484848484848,0.2822237785796272,0.2297820466456449,0.1827152156076554,0.3407115739782489,0.0633969921968108,0.2150128667535643,0.1990852364643015,0.479663647017006,0.1307126450738382,0.110047263363667,10_sp_aij_18,2369231,0.01,10,5594,22,15,seq
75,6.0606060606060606,0.2762040612076802,0.2210960307778763,0.1830045514685285,0.3213383146798121,0.1014973516659182,0.2148193551227679,0.1870792523536492,0.4159342662121518,0.0603445655027759,0.0589998541686668,10_sp_aij_18,2753893,0.01,10,5594,22,15,seq
76,7.272727272727273,0.2654802376481048,0.2311588973989901,0.1789666064388069,0.3246352803716743,0.0964988887722065,0.1964359341687967,0.2001531830473632,0.4330989454300241,0.0780803834259043,0.0653172169533747,10_sp_aij_18,2753893,0.01,10,5594,22,15,seq
77,8.484848484848484,0.2646897029691661,0.2388435299364869,0.1777894916227847,0.3263208899761162,0.0893232372686956,0.1861207987223737,0.2025952442967936,0.4486085973265148,0.096125875339266,0.0686008099990457,10_sp_aij_18,2753893,0.01,10,5594,22,15,seq
78,10.0,0.2731191752918039,0.2468309822345193,0.1820995741294564,0.3079919018734912,0.0791171842640356,0.1905036137491514,0.1954996819204565,0.46515921235627,0.1077705065850129,0.0713655435080719,10_sp_aij_18,2753893,0.01,10,5594,22,15,seq
79,11.212121212121213,0.2802007475547567,0.2464950048168616,0.1815444122444019,0.3112064205148561,0.0727056403346468,0.1908882687877258,0.1919738649941282,0.4593600439602364,0.1164872414985807,0.0748455629363124,10_sp_aij_18,2753893,0.01,10,5594,22,15,seq
80,12.424242424242424,0.2807534091425731,0.2326617230079605,0.1779078969132583,0.3100631185286306,0.0692357137592317,0.197277152968462,0.1837195741770458,0.4625255468434095,0.1217365200085994,0.0795204346298992,10_sp_aij_18,2753893,0.01,10,5594,22,15,seq
81,13.636363636363637,0.2771377741454937,0.2318928013649029,0.1846164243893806,0.3099066223138332,0.0677635319896604,0.1993120528775922,0.1852889981248307,0.4538451397586894,0.1221999389146709,0.0850301678827047,10_sp_aij_18,2753893,0.01,10,5594,22,15,seq
82,14.84848484848485,0.2796255581870475,0.2359079299799438,0.1849917226239497,0.3199987642185661,0.0667600227716513,0.2002690591775153,0.1972985379550927,0.4510804755019471,0.1214122954452207,0.0884880446851357,10_sp_aij_18,2753893,0.01,10,5594,22,15,seq
83,16.060606060606062,0.2787217681436618,0.2350588847689581,0.183037812723911,0.3270401434787797,0.0645427949434195,0.1999157044025304,0.1953498096516622,0.4488504855924485,0.1245462404272902,0.091112427531633,10_sp_aij_18,2753893,0.01,10,5594,22,15,seq
84,17.272727272727273,0.2824067309892504,0.2318883871997853,0.1741250128195299,0.3257645002388749,0.0652653385386785,0.2025260685638964,0.1989316104629531,0.4530614266324484,0.1272574434298623,0.091875299740321,10_sp_aij_18,2753893,0.01,10,5594,22,15,seq
85,18.484848484848484,0.2872133318274089,0.230301299600668,0.1843863667312901,0.326692006086819,0.066138350359156,0.2054958598147516,0.2001527535623049,0.460508581172704,0.1284565722273112,0.0959580271952891,10_sp_aij_18,2753893,0.01,10,5594,22,15,seq
86,20.0,0.2832780661726308,0.2279751726875769,0.1871656912776079,0.3300071410453875,0.0631099130041058,0.2122564688787618,0.2014976968019339,0.4580820296664373,0.1266631725989805,0.0993268168770908,10_sp_aij_18,2753893,0.01,10,5594,22,15,seq
87,21.21212121212121,0.2764608924186329,0.2293679342753689,0.1886256271753509,0.3364719050681002,0.0622404438763492,0.2159997223713656,0.2006357368781238,0.4658559231296318,0.127480269762812,0.1013612662785767,10_sp_aij_18,2753893,0.01,10,5594,22,15,seq
88,22.424242424242426,0.2807816017654996,0.2288235671359744,0.1872509496924694,0.3362951345551314,0.0614232849012916,0.2141807595278551,0.2016383347522701,0.4685915329665474,0.127415943895082,0.1047804640189772,10_sp_aij_18,2753893,0.01,10,5594,22,15,seq
89,23.63636363636364,0.2850964037242012,0.2260872568553532,0.1894169443846041,0.3451697035952695,0.0611580553865572,0.2083618416165462,0.2080681003927044,0.468539703240714,0.1291466361487606,0.1069740909042965,10_sp_aij_18,2753893,0.01,10,5594,22,15,seq
90,10.0,0.2678475220132817,0.2306274742985325,0.1767931351568901,0.3207824016959267,0.0666051066043819,0.1894291358653128,0.2007568996629597,0.4574554584029037,0.1103074611936617,0.0687061008801923,10_sp_aij_18,2905119,0.01,10,5594,22,15,seq
91,11.212121212121213,0.2670894249723584,0.2324158490966439,0.1821913695543164,0.3234242280619537,0.0682668944371204,0.1959914490463997,0.1996537514382209,0.4623205180532548,0.1157801814415152,0.0762382590705084,10_sp_aij_18,2905119,0.01,10,5594,22,15,seq
92,12.424242424242424,0.2775441260290215,0.2316972227543031,0.1824301212062743,0.3211446990148818,0.0670215869633919,0.2015759087970912,0.2009777237929239,0.4670996346618433,0.121836632639119,0.0823408944155541,10_sp_aij_18,2905119,0.01,10,5594,22,15,seq
93,13.636363636363637,0.2756589321599315,0.2323410607911165,0.1875423951560552,0.3247031214614104,0.0666296625370805,0.203126825412667,0.2002608664474547,0.4588824900721321,0.1226015467162426,0.0853064193748839,10_sp_aij_18,2905119,0.01,10,5594,22,15,seq
94,14.84848484848485,0.2798955953066201,0.2356799162707864,0.1832845396057021,0.3321721545444694,0.063908892110932,0.2096895262882814,0.2043839450573185,0.4662363817301167,0.1245097482147796,0.0902917179395362,10_sp_aij_18,2905119,0.01,10,5594,22,15,seq
95,16.060606060606062,0.2786939606269137,0.2317350427860287,0.1821431105745681,0.3299086823241642,0.0612918036260465,0.2109378013649728,0.2019006290046804,0.472328380608415,0.1288453739390743,0.0971392076956967,10_sp_aij_18,2905119,0.01,10,5594,22,15,seq
96,17.272727272727273,0.2725389972335265,0.2344740663533155,0.18652807055484,0.3301364104296526,0.0591721542325583,0.2078573660312254,0.2021819274514156,0.4777352626121935,0.1286324725239735,0.1004744596613008,10_sp_aij_18,2905119,0.01,10,5594,22,15,seq
97,18.484848484848484,0.2723973104545694,0.2300877676818192,0.1867104956731859,0.3390357781981903,0.0562665320597671,0.2153196434354705,0.1991749475336607,0.4748334539205163,0.1284145740539086,0.1041092451816364,10_sp_aij_18,2905119,0.01,10,5594,22,15,seq
98,20.0,0.2815567850047951,0.2279205351419974,0.1849274443216884,0.3352512724366051,0.0556668783481313,0.2142346368133665,0.2034095914348719,0.4802677338885996,0.1293292565428827,0.1073055855972274,10_sp_aij_18,2905119,0.01,10,5594,22,15,seq
99,21.21212121212121,0.2842297467296964,0.2274267865316739,0.1884154836447104,0.3394796707204516,0.0575424242382478,0.222180731923208,0.1997059256348324,0.462570726083137,0.1252975545930751,0.1096426598042164,10_sp_aij_18,2905119,0.01,10,5594,22,15,seq
100,22.424242424242426,0.2808293422031739,0.2282610282493113,0.1904753655761883,0.3581412180112538,0.0581156723175713,0.2139621264223705,0.2005522928444563,0.4659083731150715,0.1245794791466897,0.1115778808603042,10_sp_aij_18,2905119,0.01,10,5594,22,15,seq
101,23.63636363636364,0.2736974495523019,0.2299750935265826,0.1867438014493025,0.3488744861590153,0.0608562074870136,0.2119188849611613,0.1961761609645056,0.4765237094850184,0.1262650301597171,0.1087110183003626,10_sp_aij_18,2905119,0.01,10,5594,22,15,seq
102,24.848484848484848,0.2825948353986781,0.2287242416233119,0.1937299484579613,0.34187358501618,0.0603840255673651,0.2117314895982916,0.1975705917299742,0.4721975338039168,0.1247798771909872,0.1102393175177709,10_sp_aij_18,2905119,0.01,10,5594,22,15,seq
103,26.060606060606062,0.2781035643484462,0.230131812070002,0.1896440784687411,0.3455084205878292,0.0631496626423842,0.21384607617102,0.2017281610302076,0.4677435078619147,0.1278635314114974,0.1082497054798263,10_sp_aij_18,2905119,0.01,10,5594,22,15,seq
104,27.272727272727277,0.2816734124977845,0.2365899494835673,0.1950148254675741,0.3483282029971413,0.0629716079315752,0.2161069793831455,0.1964917534020629,0.4738654602477198,0.1284214057183537,0.1108917102212508,10_sp_aij_18,2905119,0.01,10,5594,22,15,seq
105,2.4242424242424243,0.1595135614794165,0.1103581858709845,0.1692555175549847,0.1301703816310828,0.108489489448695,0.1683214331150326,0.0915300943504372,0.3442238205118847,0.0832549571829024,0.0811947516114106,10_sp_aij_18,3049039,0.01,10,5594,22,15,seq
106,3.6363636363636367,0.2433892419323761,0.1767275702310826,0.2032200106726799,0.2108008598339935,0.1008197118670815,0.2120156254561469,0.1335774884116313,0.4142718359412497,0.0854028978880966,0.0931706375086281,10_sp_aij_18,3049039,0.01,10,5594,22,15,seq
107,4.848484848484849,0.2781571987947458,0.2090693283058581,0.2058836113311009,0.2965199244608558,0.092775460866987,0.2171888137533405,0.1557635339926607,0.4434881313606093,0.0925083108225318,0.1009830267895833,10_sp_aij_18,3049039,0.01,10,5594,22,15,seq
108,6.0606060606060606,0.2853812588812127,0.2313001711867364,0.1959647584582103,0.3256817075737205,0.0881044046651171,0.2153094162982505,0.1797310454129574,0.4417205372878153,0.1055188219096106,0.1045238682980883,10_sp_aij_18,3049039,0.01,10,5594,22,15,seq
109,7.272727272727273,0.2806934103621985,0.2402119326754799,0.1880972348168943,0.3367218566434699,0.0819631555924466,0.210128741687877,0.1917039887614453,0.4603704640558996,0.1124300185340426,0.1010079395760282,10_sp_aij_18,3049039,0.01,10,5594,22,15,seq
110,8.484848484848484,0.2834546646010253,0.2417642999569553,0.1834804780797249,0.3405795106872635,0.0754483901953605,0.2055352803355391,0.1939196854300836,0.4582054520622169,0.1203749224454506,0.1006654323831235,10_sp_aij_18,3049039,0.01,10,5594,22,15,seq
111,10.0,0.2751598922099749,0.2347141513684517,0.1836152173384126,0.3370448509448866,0.0707697288605031,0.2017332748242154,0.2008647144967288,0.4685123820790433,0.1277163268856145,0.0999458477223097,10_sp_aij_18,3049039,0.01,10,5594,22,15,seq
112,11.212121212121213,0.2687851217142212,0.2400204441120064,0.1872745119595069,0.3272197217036677,0.0667968286975807,0.2026578969622196,0.19932444848055,0.4728469443746561,0.1296854804168641,0.0999915930966254,10_sp_aij_18,3049039,0.01,10,5594,22,15,seq
113,12.424242424242424,0.2792658753612898,0.2322422928098304,0.1910302226314408,0.3313276265209872,0.0625383323976469,0.2081774763516106,0.2033168066520908,0.4817880526249472,0.1291002829244179,0.0999300208890209,10_sp_aij_18,3049039,0.01,10,5594,22,15,seq
114,13.636363636363637,0.2836850897727204,0.2321095722712675,0.1896690698133226,0.3326989028639844,0.0637397418492295,0.208009524033485,0.2059421825151293,0.4610685321161291,0.1272220561617036,0.100558889061832,10_sp_aij_18,3049039,0.01,10,5594,22,15,seq
115,14.84848484848485,0.2784011272576609,0.2345616057859891,0.1839456120825112,0.3351745236343727,0.0632434898956978,0.2120962043145203,0.1969615861353478,0.4631030236475697,0.1272176436261766,0.1023230779963095,10_sp_aij_18,3049039,0.01,10,5594,22,15,seq
116,16.060606060606062,0.2822986504968725,0.2373801803684949,0.1895588983392237,0.3340170050971516,0.0611058875106683,0.2171481374094916,0.1979343732668144,0.4594693800968349,0.1279707280739747,0.1034209589046154,10_sp_aij_18,3049039,0.01,10,5594,22,15,seq
117,17.272727272727273,0.2938384899857095,0.2314619367085345,0.1872970829328723,0.3365813782544869,0.0591874877502735,0.2138342484111735,0.1952617908051414,0.4727803881590031,0.124148883815258,0.105970301056145,10_sp_aij_18,3049039,0.01,10,5594,22,15,seq
118,18.484848484848484,0.2822865523751289,0.2303831515947574,0.1922941373932355,0.3428351207061889,0.0585771880906284,0.2166861712008288,0.1952172713049701,0.4590643584883386,0.1295855162393005,0.1119950321066247,10_sp_aij_18,3049039,0.01,10,5594,22,15,seq
119,20.0,0.2843327509668776,0.2266959247581445,0.1911141591419354,0.3434647057799425,0.0591257166661059,0.2203835004302544,0.1970355995446949,0.4608361837974301,0.1265947178080738,0.1102801054521643,10_sp_aij_18,3049039,0.01,10,5594,22,15,seq
120,0.0,0.04,0.06,0.03,0.03,0.08,0.08,0.01,0.01,0.09,0.03,10_sp_aij_18,4211685,0.01,10,5594,22,15,seq
121,1.2121212121212122,0.0759849901060202,0.0965766421585146,0.0653835199601993,0.0421369995235031,0.1224746129251228,0.130848019785514,0.0181113062449807,0.0422903687380693,0.0861749844125719,0.0253644389310651,10_sp_aij_18,4211685,0.01,10,5594,22,15,seq
122,2.4242424242424243,0.1411392892666865,0.1433757015500225,0.1119490188094515,0.0669338909093642,0.1503686212671408,0.1712477558600109,0.0312581041008539,0.1486473277955765,0.0828861487893724,0.0228549572838522,10_sp_aij_18,4211685,0.01,10,5594,22,15,seq
123,3.6363636363636367,0.2112141350129791,0.192583442504096,0.1555440927358796,0.1060218478947795,0.1406583007214653,0.1981381789250497,0.0495556989656408,0.2993661292509696,0.0858050714898572,0.0250254326457327,10_sp_aij_18,4211685,0.01,10,5594,22,15,seq
124,4.848484848484849,0.2678935845022452,0.2290904068651414,0.1857170202516212,0.1658781233770828,0.1215151506302034,0.2023869265903139,0.0743360667006667,0.3773374682726029,0.0936200029580696,0.030145422070397,10_sp_aij_18,4211685,0.01,10,5594,22,15,seq
125,6.0606060606060606,0.2847441556029511,0.2466953803436047,0.1878733136119575,0.2241786083945768,0.10485947147766,0.2030834715360823,0.1054987560944376,0.4206215791780236,0.1038460791416692,0.0376278074122547,10_sp_aij_18,4211685,0.01,10,5594,22,15,seq
126,7.272727272727273,0.2822870639357365,0.245776665988123,0.186289541916173,0.2534517057108382,0.0944101431635191,0.1960133891428568,0.1353372287601769,0.4262661852138846,0.1125685695046699,0.0468335530567856,10_sp_aij_18,4211685,0.01,10,5594,22,15,seq
127,8.484848484848484,0.2849097528313112,0.2432273588403307,0.1847964804863614,0.2705816171123174,0.0858258105316753,0.1934231183744733,0.1566584973839591,0.43304584234112,0.1219196301545839,0.053898568942839,10_sp_aij_18,4211685,0.01,10,5594,22,15,seq
128,10.0,0.280142976094817,0.2459652487980008,0.1854971406679768,0.2888835282044512,0.0785570217305949,0.1948567702506904,0.1790527869082362,0.4542204126795368,0.1261382355565612,0.061295463509749,10_sp_aij_18,4211685,0.01,10,5594,22,15,seq
129,11.212121212121213,0.2797773568642491,0.2426396348253805,0.1861803932212879,0.3101427416695781,0.0738763248992869,0.1955289450283129,0.1819280994333793,0.4565267134696872,0.1260321261146733,0.0692417657289689,10_sp_aij_18,4211685,0.01,10,5594,22,15,seq
130,12.424242424242424,0.2814934439246935,0.2401974465391378,0.1847368847922698,0.311833793402182,0.0713277486195034,0.1980632742850197,0.1871093238587106,0.4518494999603599,0.1257312824114558,0.0783416700504105,10_sp_aij_18,4211685,0.01,10,5594,22,15,seq
131,13.636363636363637,0.2813101365529227,0.2328846254362434,0.1829811502339728,0.3171510559951771,0.0688358783175167,0.1999435580383175,0.1899824150496176,0.46234574542414,0.1247221875146874,0.0851798204818984,10_sp_aij_18,4211685,0.01,10,5594,22,15,seq
132,14.84848484848485,0.2726483697499694,0.2334795201349208,0.186553745748499,0.3259203663387819,0.0684532804330081,0.2011108321639543,0.1945043558791363,0.4547185373088057,0.1273728112868358,0.0892332610292457,10_sp_aij_18,4211685,0.01,10,5594,22,15,seq
133,16.060606060606062,0.283521755802866,0.2321781008893699,0.1820231093379776,0.3307660316031134,0.0694207672429436,0.2065693650091135,0.2018074866998218,0.4693360788889883,0.1276740432052439,0.092740173686623,10_sp_aij_18,4211685,0.01,10,5594,22,15,seq
134,17.272727272727273,0.2751237705501002,0.2322574446154659,0.1919079006981785,0.3294234092181078,0.0646293586638992,0.2080127218474242,0.203115107013673,0.4663023124923046,0.1254395188325002,0.0973388714476178,10_sp_aij_18,4211685,0.01,10,5594,22,15,seq
135,11.212121212121213,0.2628399719925464,0.2365956323352874,0.1745918518380572,0.3018140412969646,0.0793979268764545,0.181170517041745,0.1953256721192252,0.4517337175520242,0.103830362289492,0.0514476276472236,10_sp_aij_18,4240255,0.01,10,5594,22,15,seq
136,12.424242424242424,0.2708951914677718,0.2365089939501444,0.1832295885582605,0.3052857366037391,0.0745513026954296,0.1845760540158921,0.1961409244238693,0.4612376160623576,0.112842697767081,0.0560930825688075,10_sp_aij_18,4240255,0.01,10,5594,22,15,seq
137,13.636363636363637,0.2646099324659709,0.238025769581617,0.1814556487714148,0.3007977434985536,0.0700651730441492,0.1867717958060422,0.1999944507728545,0.4666666514058148,0.1201444791908413,0.0633568230479354,10_sp_aij_18,4240255,0.01,10,5594,22,15,seq
138,14.84848484848485,0.2740339424663315,0.2427681395576636,0.1772510636859942,0.3014386876208207,0.0669561177599772,0.1921402598294635,0.2006207917174944,0.4588640683318526,0.1188044642690264,0.0667448283839093,10_sp_aij_18,4240255,0.01,10,5594,22,15,seq
139,16.060606060606062,0.2886249277180646,0.2351639262153662,0.1783926639586307,0.3060554516950342,0.0648185328224144,0.1967878175467711,0.194428639057759,0.4475622709790102,0.1229080328205452,0.0745012421028491,10_sp_aij_18,4240255,0.01,10,5594,22,15,seq
140,17.272727272727273,0.284656734801054,0.2290049537384645,0.1748374347363273,0.3181233645687792,0.06179485012229,0.2009635226265702,0.1925897284054013,0.4630923515103353,0.126039007916775,0.0826678828045345,10_sp_aij_18,4240255,0.01,10,5594,22,15,seq
141,18.484848484848484,0.2796067831833302,0.2277123969469771,0.179354606166708,0.3249600421962217,0.0619529622335388,0.2101983080223967,0.197597896215819,0.4705918112964375,0.1261226885688517,0.0908948666808691,10_sp_aij_18,4240255,0.01,10,5594,22,15,seq
142,20.0,0.2885096218925579,0.2281952983266281,0.1845566299481468,0.3343612770782158,0.0630564000004646,0.2168742935813498,0.195856852668773,0.459458341491865,0.1230387257196364,0.1020742701697015,10_sp_aij_18,4240255,0.01,10,5594,22,15,seq
143,21.21212121212121,0.2839563597293137,0.2215775532094467,0.1852412068362383,0.3480856226761552,0.0647876350171169,0.2180011097985257,0.1989173950049187,0.4558667203534849,0.122101787120767,0.107417201572306,10_sp_aij_18,4240255,0.01,10,5594,22,15,seq
144,22.424242424242426,0.2819236264098548,0.2265936360124911,0.18897080645062,0.3517644480387009,0.0673136561894186,0.2159174315820721,0.197772871428648,0.4704782123511984,0.1263846205728358,0.1091155529102704,10_sp_aij_18,4240255,0.01,10,5594,22,15,seq
145,23.63636363636364,0.2766367381920103,0.2292685844644724,0.1863979596251268,0.3434295591810138,0.0654278781456876,0.2113848030794893,0.198534682105527,0.4609114948329103,0.1277992390050396,0.1077454729612683,10_sp_aij_18,4240255,0.01,10,5594,22,15,seq
146,24.848484848484848,0.2754599401092955,0.2325825111388381,0.1889303717901708,0.3399073821324926,0.0637809680549539,0.212827385844475,0.199205160510293,0.4724907322542269,0.1311488383262415,0.1078752747315276,10_sp_aij_18,4240255,0.01,10,5594,22,15,seq
147,26.060606060606062,0.2836647969794459,0.2288673493426571,0.1860973976068871,0.3401578314051002,0.0623102324750719,0.218169646957806,0.1975026711087073,0.4580890413429843,0.1263210405667422,0.1095523395157068,10_sp_aij_18,4240255,0.01,10,5594,22,15,seq
148,27.272727272727277,0.2873667077984606,0.2277819213592817,0.184010145925959,0.3441665325174373,0.0619387995846192,0.2216131739920293,0.1983731504186099,0.4599300804862568,0.1279803692017359,0.1102264832520982,10_sp_aij_18,4240255,0.01,10,5594,22,15,seq
149,28.484848484848484,0.2820316177995912,0.2302059222809708,0.1839053026101484,0.3440733579598458,0.0605947103190468,0.2139333648567257,0.1998298469007876,0.4582209313077994,0.1331069415730013,0.1144866837319488,10_sp_aij_18,4240255,0.01,10,5594,22,15,seq
150,4.848484848484849,0.23466909519065,0.2342281278295915,0.1778490090633587,0.2715202742142537,0.1050795478851275,0.1713290567174208,0.1806589879288889,0.4079691780415935,0.046519063074197,0.0376668853624617,10_sp_aij_18,5140131,0.01,10,5594,22,15,seq
151,6.0606060606060606,0.2450568886999371,0.2403577385686182,0.1789459121041851,0.2819374160404272,0.0941914354926162,0.1677763235367206,0.1923899046123521,0.4172767727782581,0.0608579641165145,0.0390170017204162,10_sp_aij_18,5140131,0.01,10,5594,22,15,seq
152,7.272727272727273,0.2558964160829647,0.2422734305941433,0.1718285502744106,0.2953213113784346,0.0891148925942841,0.1732952489766452,0.1996471559964837,0.431475447681732,0.077263765646756,0.0419033537766823,10_sp_aij_18,5140131,0.01,10,5594,22,15,seq
153,8.484848484848484,0.2668183077868405,0.2431735873443702,0.1707573945159926,0.3020691531296579,0.0834713942161207,0.1764767739420048,0.2013846144396673,0.4430662282501472,0.0910355798949205,0.0447584357632516,10_sp_aij_18,5140131,0.01,10,5594,22,15,seq
154,10.0,0.2708454163666817,0.2418417563762307,0.1710565724566665,0.3031325402971707,0.0757570324878371,0.1779873729682088,0.19965563840513,0.4605799466724201,0.1058643020538074,0.0504917010973408,10_sp_aij_18,5140131,0.01,10,5594,22,15,seq
155,11.212121212121213,0.2709151229958916,0.2456019961744512,0.1733668803644506,0.3038357759356452,0.0730743029487947,0.1783901435726094,0.2043068342696403,0.4532210364643265,0.114592152819803,0.0575203030885623,10_sp_aij_18,5140131,0.01,10,5594,22,15,seq
156,12.424242424242424,0.2724262970640863,0.2426729244929675,0.1752291110841546,0.3095868583825713,0.0691136693787423,0.1888854195799219,0.2047277921713569,0.4715270677928939,0.1181663349925018,0.0613508492772421,10_sp_aij_18,5140131,0.01,10,5594,22,15,seq
157,13.636363636363637,0.2728184949425712,0.2359015911290794,0.1804874175847949,0.3105909463805534,0.0673038570258172,0.1950110854066712,0.1976763910121133,0.4703260411781276,0.1170347586111727,0.0672405414366271,10_sp_aij_18,5140131,0.01,10,5594,22,15,seq
158,14.84848484848485,0.2720575154218243,0.2346799833473287,0.1829036165405846,0.3159185209121294,0.0674168296215302,0.1985822685517945,0.1972094682330201,0.4593914343689449,0.1203826618063255,0.0718389387395067,10_sp_aij_18,5140131,0.01,10,5594,22,15,seq
159,16.060606060606062,0.2740004065693149,0.2336236421372043,0.1855496548497055,0.3210439341581474,0.0684741747063729,0.2007626984946199,0.2009859711799408,0.4683971285682832,0.1224167232888555,0.0766282155905161,10_sp_aij_18,5140131,0.01,10,5594,22,15,seq
160,17.272727272727273,0.2754218293406405,0.2325113634148132,0.1888188514334594,0.3309099436676196,0.0649441335581634,0.2001164680415428,0.2074813653310681,0.4703387433210143,0.1208133707484269,0.0864010131246637,10_sp_aij_18,5140131,0.01,10,5594,22,15,seq
161,18.484848484848484,0.2838493564034127,0.2320321024650458,0.1831438354284266,0.3290091002541516,0.0621234975324963,0.199206412927537,0.205849756166904,0.4616493993937759,0.1222649757373365,0.0888854705258109,10_sp_aij_18,5140131,0.01,10,5594,22,15,seq
162,20.0,0.2769398251303621,0.2371681116769394,0.1838685755554786,0.329910228905059,0.0641951565035026,0.2093953851009833,0.2013032672452359,0.4746950158614565,0.1272883590705827,0.0912052659156605,10_sp_aij_18,5140131,0.01,10,5594,22,15,seq
163,21.21212121212121,0.2827968736074601,0.229428106153548,0.1851030518852681,0.3270220337104608,0.0608195890564825,0.2091307518763046,0.1986091334403457,0.4699679254057174,0.1259992754755927,0.0942016064933458,10_sp_aij_18,5140131,0.01,10,5594,22,15,seq
164,22.424242424242426,0.2848386429276718,0.2274700973291322,0.183296584116181,0.3327151071886748,0.0595003512161236,0.2048888682958908,0.1970929216945141,0.4651014048074814,0.1279082571442695,0.099469413875166,10_sp_aij_18,5140131,0.01,10,5594,22,15,seq
165,8.484848484848484,0.2603658443774777,0.2334991626566377,0.1760189609560877,0.3148581785158904,0.0866674689043884,0.175956635927387,0.2090853037043269,0.4235902499425114,0.0659092146757463,0.0483264242507856,10_sp_aij_18,5576645,0.01,10,5594,22,15,seq
166,10.0,0.2622176934300268,0.2476782752422077,0.1736185576808818,0.3128681095220671,0.0827609875471427,0.1741595357823791,0.2073963702806775,0.4474970369645827,0.0863074713847776,0.0541079759943596,10_sp_aij_18,5576645,0.01,10,5594,22,15,seq
167,11.212121212121213,0.2603694559691288,0.2461953680083835,0.1743316861647687,0.3054310778238031,0.076540837213241,0.1796793150166247,0.1988648664876655,0.4408307237296152,0.0990269366596618,0.057839258706627,10_sp_aij_18,5576645,0.01,10,5594,22,15,seq
168,12.424242424242424,0.272322246194965,0.2410234850078071,0.176580581893765,0.304805169152693,0.0720496669451617,0.1879797693089133,0.1951357958071461,0.4569154914236487,0.1096865692319639,0.0617018308298356,10_sp_aij_18,5576645,0.01,10,5594,22,15,seq
169,13.636363636363637,0.2746437888749245,0.2384523722426358,0.1756212094487123,0.3040987293503689,0.0714439962812146,0.1937692500906466,0.1979597879385024,0.4457964110148318,0.1128134157525303,0.0658145014317993,10_sp_aij_18,5576645,0.01,10,5594,22,15,seq
170,14.84848484848485,0.2739700622418307,0.2362063709265339,0.1839672164313329,0.3123048618281633,0.0664737960140049,0.1998504950917858,0.2014359894505266,0.4566278029921052,0.1160241900336338,0.0710664233185111,10_sp_aij_18,5576645,0.01,10,5594,22,15,seq
171,16.060606060606062,0.2789664382453805,0.2340481671746165,0.1817782232474741,0.3282050646753165,0.0659951717874379,0.200229707276763,0.202155885072556,0.4556007967390796,0.1219101457651262,0.0761870674051811,10_sp_aij_18,5576645,0.01,10,5594,22,15,seq
172,17.272727272727273,0.2751880258874704,0.2333499631668238,0.1841744971080986,0.3365562359251425,0.065143875621419,0.200590945849944,0.2084494198766793,0.4573606196978675,0.1166719221495465,0.0857214172741903,10_sp_aij_18,5576645,0.01,10,5594,22,15,seq
173,18.484848484848484,0.2771795031211892,0.2299794764816722,0.1779015708344296,0.3371488510278144,0.0656046829849504,0.2021493136301,0.2025011650137851,0.4540517953162446,0.120553826743923,0.0900216709916255,10_sp_aij_18,5576645,0.01,10,5594,22,15,seq
174,20.0,0.2784261356589968,0.2323528811592398,0.179177748489739,0.3281790872726704,0.0633239555841081,0.2095850730120981,0.2004087263263556,0.4640830866493451,0.1243152268132454,0.0951091315323144,10_sp_aij_18,5576645,0.01,10,5594,22,15,seq
175,21.21212121212121,0.2830238800320085,0.2332651054893131,0.1810744777566593,0.3355517313898555,0.061868607089354,0.2107250308847675,0.1963465194655686,0.4721710689171985,0.1246017977789701,0.0967562103310176,10_sp_aij_18,5576645,0.01,10,5594,22,15,seq
176,22.424242424242426,0.2847245153000062,0.2213576339493729,0.1903413276168919,0.3353865726906755,0.0627112916473033,0.2149459347230358,0.2012396888113635,0.4676806264018201,0.1199696154944083,0.1017635579262006,10_sp_aij_18,5576645,0.01,10,5594,22,15,seq
177,23.63636363636364,0.2825377778511163,0.2277333821028602,0.1873667239783338,0.3482350044103598,0.0640801632870003,0.2164715697067318,0.2074837616376103,0.469264509293478,0.1205435487937056,0.105799827314675,10_sp_aij_18,5576645,0.01,10,5594,22,15,seq
178,24.848484848484848,0.2871156628243628,0.2275748810668272,0.1867273625221827,0.3436974349951179,0.0647804166474553,0.2150817083741724,0.2038338729314206,0.4693636720622258,0.1254817908196943,0.1028097665394751,10_sp_aij_18,5576645,0.01,10,5594,22,15,seq
179,26.060606060606062,0.2824417038934168,0.2296208553363517,0.185653513550529,0.338417947621263,0.0647274169933726,0.2088120683949584,0.2025252603208779,0.4665958249517259,0.1268142366396022,0.1069825528349476,10_sp_aij_18,5576645,0.01,10,5594,22,15,seq
180,10.0,0.2742911254981784,0.2371103975396372,0.186320178223613,0.3406656002035249,0.0722708338449046,0.2043216666790853,0.1952993974256599,0.4543914683509312,0.115529982156772,0.0946689579726961,10_sp_aij_18,5589942,0.01,10,5594,22,15,seq
181,11.212121212121213,0.2718788335841133,0.2385493043779724,0.1846851407723763,0.3309867468095493,0.072763053733905,0.2069727664269137,0.1952389904371786,0.460507472405704,0.1194419015391524,0.0936011253301379,10_sp_aij_18,5589942,0.01,10,5594,22,15,seq
182,12.424242424242424,0.2776598236018479,0.2384492791444849,0.1859116931326366,0.3279046064227912,0.0682370809557555,0.2085890527366114,0.1944444071626346,0.468698092071475,0.1223500951193202,0.095125619166386,10_sp_aij_18,5589942,0.01,10,5594,22,15,seq
183,13.636363636363637,0.2745834669230366,0.2307500731092612,0.1852869443262646,0.328002068453967,0.0657344220559127,0.206148690475092,0.1986504686324388,0.4663247831127933,0.1259431228384681,0.0966730759178103,10_sp_aij_18,5589942,0.01,10,5594,22,15,seq
184,14.84848484848485,0.2819661554560889,0.2315605994248092,0.1869055610873138,0.336019802316485,0.065332111835835,0.2128179753477247,0.1994334861314934,0.4806761849523861,0.1286130724402421,0.1005267386067347,10_sp_aij_18,5589942,0.01,10,5594,22,15,seq
185,16.060606060606062,0.2802162390394682,0.2286542608610997,0.1903905481529145,0.3449363203561105,0.0642480784286945,0.2116182670382257,0.2017955290918636,0.4632047630931437,0.1321931685269031,0.1032208248618088,10_sp_aij_18,5589942,0.01,10,5594,22,15,seq
186,17.272727272727273,0.2825916341466794,0.2228660647342601,0.1891882150259339,0.3389247115421403,0.0644172328691632,0.2195694062404717,0.2115953679844296,0.4725891669381736,0.1299592224112109,0.1068930230359909,10_sp_aij_18,5589942,0.01,10,5594,22,15,seq
187,18.484848484848484,0.2957734743879747,0.2275570309793878,0.187627130705808,0.3472226184574533,0.0612000184604755,0.2194294118540303,0.203635550145923,0.4709174146977609,0.1294793543229955,0.1105164856277755,10_sp_aij_18,5589942,0.01,10,5594,22,15,seq
188,20.0,0.2945237421753974,0.2333068544989831,0.1838824770167958,0.3528887210178705,0.0596609669096407,0.223589481134656,0.2076115984026222,0.4627661977346408,0.1287597361647239,0.1141644163843207,10_sp_aij_18,5589942,0.01,10,5594,22,15,seq
189,21.21212121212121,0.2878808724133725,0.2308219282749802,0.1874777900740703,0.3570353300446261,0.0623561236580654,0.2191858977373459,0.2009522789542956,0.46446098939491,0.1266737081438564,0.1124242070583373,10_sp_aij_18,5589942,0.01,10,5594,22,15,seq
190,22.424242424242426,0.2810301219477291,0.2259033658822578,0.19014864770648,0.3527213692158394,0.0632960574124179,0.2154700793305597,0.2028227114917262,0.4599598999766507,0.1299961401264753,0.1141346349009014,10_sp_aij_18,5589942,0.01,10,5594,22,15,seq
191,23.63636363636364,0.2824991076335924,0.2317337754166653,0.192512966706079,0.3459761700384196,0.0616947939059819,0.2233179207267208,0.2047240405827987,0.4675298465869227,0.1291764039739453,0.1158057354963256,10_sp_aij_18,5589942,0.01,10,5594,22,15,seq
192,24.848484848484848,0.289664151906261,0.2352963438263558,0.1905367279790124,0.3481143878971683,0.0628281025602337,0.2190632748444732,0.1988191123534432,0.4679656898094425,0.1269934792959543,0.1149300372838138,10_sp_aij_18,5589942,0.01,10,5594,22,15,seq
193,26.060606060606062,0.2803665579742646,0.2293634827683714,0.1879405109422681,0.344691333603054,0.0610069959694032,0.2139732743894501,0.2038147070522942,0.470246358435852,0.1297866840905433,0.1123673352435553,10_sp_aij_18,5589942,0.01,10,5594,22,15,seq
194,27.272727272727277,0.2830904391238196,0.2370216680272726,0.1870605805027985,0.3381646397646817,0.060457511864345,0.2130332344979362,0.2026120864221963,0.4729226232347294,0.1334224646927096,0.1099210458228864,10_sp_aij_18,5589942,0.01,10,5594,22,15,seq
195,11.212121212121213,0.2762881588495555,0.2349284477624527,0.1800059112723193,0.3189310550266722,0.0663286745419941,0.2048322147291194,0.1912889005012421,0.4687381517404674,0.1206316982341359,0.0965612210584552,10_sp_aij_18,8493390,0.01,10,5594,22,15,seq
196,12.424242424242424,0.2837988078163529,0.2330234608221169,0.1810506865288213,0.3194568355071087,0.0643971020959773,0.211136529472002,0.191713502593203,0.4536218299610735,0.1221227993310626,0.0976810870052863,10_sp_aij_18,8493390,0.01,10,5594,22,15,seq
197,13.636363636363637,0.2863174926511969,0.2347471867177106,0.1817340799366533,0.3309229587549759,0.0631886737427097,0.2103580522904816,0.1959990510176724,0.4596648568555366,0.1268156581907524,0.1046144561501065,10_sp_aij_18,8493390,0.01,10,5594,22,15,seq
198,14.84848484848485,0.2787648098196743,0.2349378386884505,0.186839305237632,0.3388326105641094,0.062762561976006,0.2092368402976826,0.1939636103387408,0.4606202343871837,0.1297333872528507,0.1077669255404989,10_sp_aij_18,8493390,0.01,10,5594,22,15,seq
199,16.060606060606062,0.2773191980149462,0.2270724589960571,0.1892026440239201,0.335091479302895,0.0620358126508284,0.2097583317977431,0.1938238240293255,0.4593449462732211,0.1273647055892441,0.1074481997092746,10_sp_aij_18,8493390,0.01,10,5594,22,15,seq
200,17.272727272727273,0.2714716613748771,0.2280412341178174,0.188913458245385,0.3426995065418188,0.0625692171969598,0.2121852614359133,0.2001121139306059,0.4727150405527291,0.1248570599142088,0.1060422688478361,10_sp_aij_18,8493390,0.01,10,5594,22,15,seq
201,18.484848484848484,0.2746263472276826,0.2309988827292816,0.1880438654853098,0.3466876506991306,0.0631822808757414,0.2128433799968196,0.1960594783006115,0.4769549165492727,0.1231919937108866,0.1075560788261738,10_sp_aij_18,8493390,0.01,10,5594,22,15,seq
202,20.0,0.2781156216727525,0.2355200719915839,0.1892466163655586,0.3493211279649183,0.0621260339356282,0.2157784533124947,0.1970239075890643,0.4684958961141688,0.1283494764173441,0.1088520212586907,10_sp_aij_18,8493390,0.01,10,5594,22,15,seq
203,21.21212121212121,0.2937778994508717,0.2275961705930318,0.1881617214650245,0.3443220750198405,0.0613806304152112,0.2144276721389713,0.1974159296357378,0.4665409813109093,0.1287038997568008,0.1075620669413077,10_sp_aij_18,8493390,0.01,10,5594,22,15,seq
204,22.424242424242426,0.285439711920603,0.2271434166288377,0.1950867830553414,0.3422223558592855,0.0632970279919363,0.2181334445119871,0.201655698367513,0.4649687478538989,0.129736116405462,0.1095113617183995,10_sp_aij_18,8493390,0.01,10,5594,22,15,seq
205,23.63636363636364,0.2796016471919229,0.2301203590271769,0.191161881063646,0.3432303970791885,0.0613912426759621,0.2150507917301084,0.2012042912669809,0.4633483426149374,0.1286872819706907,0.1113465539700483,10_sp_aij_18,8493390,0.01,10,5594,22,15,seq
206,24.848484848484848,0.2893667939875864,0.2312396519013615,0.1896714821414155,0.3403644346242794,0.0629564089876073,0.222794122059338,0.2072057866187261,0.4630959169657046,0.122971901873207,0.1121826046581339,10_sp_aij_18,8493390,0.01,10,5594,22,15,seq
207,26.060606060606062,0.2804647575919903,0.2215085436992528,0.1846894695212075,0.3525657412193146,0.0618048692299895,0.2215529811512482,0.2027656774064394,0.4569105504757272,0.1241106296834988,0.1149143229865644,10_sp_aij_18,8493390,0.01,10,5594,22,15,seq
208,27.272727272727277,0.2816733985453578,0.227283539003313,0.1873914077443538,0.3551369722126026,0.0615089786859964,0.2136085904672057,0.203973431678156,0.4750296251084561,0.1282024655758395,0.1168121405155474,10_sp_aij_18,8493390,0.01,10,5594,22,15,seq
209,28.484848484848484,0.287011147244065,0.2296848015618652,0.1856803775931141,0.3482696543340769,0.0598089237713814,0.2097270215417563,0.2001788519862634,0.4541052745861972,0.1286466957880436,0.1161080306201988,10_sp_aij_18,8493390,0.01,10,5594,22,15,seq
210,4.848484848484849,0.255728129071382,0.2441439049150361,0.1662801560944653,0.2108318186683536,0.112483412437042,0.1725048049063532,0.1573972086419895,0.4147457752543437,0.0961821951975843,0.0123329568773261,10_sp_aij_18,8982779,0.01,10,5594,22,15,seq
211,6.0606060606060606,0.2698787804161143,0.249208512381242,0.1687703074475299,0.2460195191201636,0.0986315995145191,0.1811030047890019,0.1644775468814608,0.4360557291673103,0.1000850665846841,0.0149779244449743,10_sp_aij_18,8982779,0.01,10,5594,22,15,seq
212,7.272727272727273,0.2709103115646301,0.2435558330080783,0.1727660027077061,0.2664071828195303,0.0882011598863547,0.1784289490740412,0.1784501385746815,0.4426811163934265,0.1084684130592365,0.0187244798000743,10_sp_aij_18,8982779,0.01,10,5594,22,15,seq
213,8.484848484848484,0.2665808094204377,0.2468027243437149,0.1722191724181851,0.2736887957531721,0.0832067323313497,0.1730856710821089,0.1849302249649678,0.4534215433158284,0.1151454825334755,0.0231052736240111,10_sp_aij_18,8982779,0.01,10,5594,22,15,seq
214,10.0,0.2700101998240781,0.2450262549809267,0.1794675892646837,0.2750485851565542,0.0771293170031037,0.1810442120701492,0.1891776940860047,0.4595860656878379,0.1167510875294655,0.029423592533479,10_sp_aij_18,8982779,0.01,10,5594,22,15,seq
215,11.212121212121213,0.2769316780604541,0.2450469801590063,0.1797049119698715,0.287356298921597,0.0759167940895334,0.1769139152465904,0.1931563093473945,0.4594908846866778,0.1160734505451758,0.0352247559730174,10_sp_aij_18,8982779,0.01,10,5594,22,15,seq
216,12.424242424242424,0.2736493844089703,0.2467314536027848,0.1757750457035221,0.2942912205238958,0.0712044888617817,0.1782595267070521,0.1985338654680595,0.4494504790042775,0.1224380984792769,0.0403215205235991,10_sp_aij_18,8982779,0.01,10,5594,22,15,seq
217,13.636363636363637,0.2716270270958917,0.2395216286470794,0.1773579826674758,0.297333526343971,0.0688122711091053,0.181905457425244,0.2005016678013313,0.4653533184538717,0.1242838150029825,0.0453207763826869,10_sp_aij_18,8982779,0.01,10,5594,22,15,seq
218,14.84848484848485,0.2761982728125108,0.2354841663133105,0.1762672517641498,0.3004862018299796,0.0681404378909484,0.1941380064465482,0.1992262747542932,0.4718469433726185,0.1229214665289131,0.0507458821413252,10_sp_aij_18,8982779,0.01,10,5594,22,15,seq
219,16.060606060606062,0.2723403123441444,0.2403595652592593,0.1762418972775216,0.3077677259719353,0.0680197413457222,0.1966721902172818,0.2094397724606437,0.4499676700281377,0.1205364019308349,0.056995689682303,10_sp_aij_18,8982779,0.01,10,5594,22,15,seq
220,17.272727272727273,0.2735032490017842,0.2459578507648468,0.1794631049662208,0.3206816401287131,0.0661688378492264,0.1962944668162399,0.2027262464844344,0.4580196695139872,0.1182736391519654,0.0634906683198075,10_sp_aij_18,8982779,0.01,10,5594,22,15,seq
221,18.484848484848484,0.2772646500891345,0.2457784207315959,0.1796293611625081,0.3161214187340883,0.0646480805514174,0.192635481099425,0.1993815374355217,0.4576511825453779,0.117195527057336,0.0688866129455465,10_sp_aij_18,8982779,0.01,10,5594,22,15,seq
222,20.0,0.2772354567113831,0.2392778474955257,0.1811063527987304,0.3175204584678698,0.062515581911039,0.1953446876094698,0.1964997096318141,0.4644801917382812,0.1213815572341004,0.0753341212108406,10_sp_aij_18,8982779,0.01,10,5594,22,15,seq
223,21.21212121212121,0.2753627450006071,0.2335639023285805,0.1850904349805005,0.3077330241189996,0.0628970475019467,0.197457697891548,0.2028907094525802,0.4639521260490143,0.12217758454092,0.0807164359985139,10_sp_aij_18,8982779,0.01,10,5594,22,15,seq
224,22.424242424242426,0.2743019888947137,0.2355269878024134,0.1798797318011825,0.315329412534637,0.0621788116631616,0.2012832941363063,0.2013068068753601,0.4589876183082196,0.1247532589084163,0.0813952309248034,10_sp_aij_18,8982779,0.01,10,5594,22,15,seq
225,10.0,0.2763232486631554,0.2332634754212251,0.1815899327158036,0.3212470767621697,0.0753805490860665,0.203097916040586,0.1933728431784683,0.4578796036342719,0.1190877034834219,0.0812715570213076,10_sp_aij_18,9036584,0.01,10,5594,22,15,seq
226,11.212121212121213,0.2730571558900153,0.2417121545764495,0.181064664077593,0.3174113997893738,0.0711564477810957,0.2034354012940382,0.1905847706777578,0.454279082480358,0.1236074426309794,0.0834631429989437,10_sp_aij_18,9036584,0.01,10,5594,22,15,seq
227,12.424242424242424,0.2778275878607227,0.2426088045817528,0.1843828190413165,0.3132423137784741,0.0682027857939901,0.2049744772038251,0.1882649758903158,0.4561890868707328,0.1229571273707875,0.0862749579483384,10_sp_aij_18,9036584,0.01,10,5594,22,15,seq
228,13.636363636363637,0.2812713861530507,0.2344080837499675,0.1838515201248124,0.322412856970992,0.0647626755951783,0.2080364283210357,0.1926639530188496,0.4629459317777973,0.1245638229902184,0.0886426939629229,10_sp_aij_18,9036584,0.01,10,5594,22,15,seq
229,14.84848484848485,0.2796485055645054,0.2296036221366108,0.1839524339543536,0.3255415643068584,0.0641412690473907,0.2127203568652318,0.1914354934227932,0.4634101372570992,0.1276050053509703,0.0968462775340429,10_sp_aij_18,9036584,0.01,10,5594,22,15,seq
230,16.060606060606062,0.284108256693024,0.2344775582487439,0.1862218058627781,0.3256372584316456,0.0632929373670502,0.2150193421245484,0.1985662207374238,0.4666091876433806,0.1259809311475153,0.1006213203816768,10_sp_aij_18,9036584,0.01,10,5594,22,15,seq
231,17.272727272727273,0.2879176968677646,0.231303121855398,0.1837419660235678,0.345793322112395,0.0622662465299781,0.2184384922367304,0.1937184183127465,0.47276978253225,0.1268795627975301,0.10477144324057,10_sp_aij_18,9036584,0.01,10,5594,22,15,seq
232,18.484848484848484,0.2804037340242785,0.225413523299348,0.1886737506856898,0.3459053855908524,0.06122781753781,0.214682090075642,0.1963822317858339,0.4817791173037934,0.1298543086062494,0.1096431119429446,10_sp_aij_18,9036584,0.01,10,5594,22,15,seq
233,20.0,0.2859917227589596,0.2287490973638312,0.1902357315139141,0.3438500250905372,0.0590554255262177,0.217267162294397,0.1942558220975774,0.4528534569053454,0.1258146318963979,0.1123172370929002,10_sp_aij_18,9036584,0.01,10,5594,22,15,seq
234,21.21212121212121,0.2887243706741672,0.2319000124316566,0.1835998313387051,0.342742624360624,0.0600339051488902,0.220905848183839,0.1934952493427399,0.4740324093474591,0.1277694118909588,0.115116027263874,10_sp_aij_18,9036584,0.01,10,5594,22,15,seq
235,22.424242424242426,0.2900530373092644,0.2271367335730818,0.1877138139870658,0.3470819312224622,0.0596572628723213,0.2230527465768369,0.1957103568243522,0.4660968029790174,0.1306779212194593,0.1147890460346872,10_sp_aij_18,9036584,0.01,10,5594,22,15,seq
236,23.63636363636364,0.28667191700547,0.2236827534186085,0.193084877429516,0.3468376329780587,0.059885724894116,0.222111416847784,0.1992739146370579,0.4746360719775495,0.1309164268741098,0.1168222462937174,10_sp_aij_18,9036584,0.01,10,5594,22,15,seq
237,24.848484848484848,0.2964954018249166,0.2220898323026331,0.1864164049737792,0.3509609431561851,0.0598286754547142,0.2162340867956569,0.2027397877186049,0.4676014931671802,0.1269938014123103,0.1150761828113875,10_sp_aij_18,9036584,0.01,10,5594,22,15,seq
238,26.060606060606062,0.2919770376257743,0.2314505725701099,0.186189590540813,0.3524169417483572,0.0603500761041546,0.2259052808294757,0.2027888309435802,0.4708746582055104,0.1277107925940079,0.1180872260430767,10_sp_aij_18,9036584,0.01,10,5594,22,15,seq
239,27.272727272727277,0.2804347020450596,0.2258628218263101,0.1941767696470472,0.3558433677614218,0.0613329915230346,0.2211578732424147,0.2050388292553993,0.4616897163644036,0.1287981544339975,0.1192511046245032,10_sp_aij_18,9036584,0.01,10,5594,22,15,seq
240,0.0,0.09,0.09,0.01,0.06,0.03,0.04,0.04,0.04,0.04,0.01,10_sp_aij_18,9275155,0.01,10,5594,22,15,seq
241,1.2121212121212122,0.1345317505234852,0.1170289785825352,0.0211646755044362,0.0713953370933171,0.0536715221668389,0.0762136533069509,0.0638189234751323,0.1178961297807988,0.0503536683129623,0.0091457486936569,10_sp_aij_18,9275155,0.01,10,5594,22,15,seq
242,2.4242424242424243,0.186142541968124,0.1547063666392208,0.0437925131994301,0.0906162307145096,0.0729450939031753,0.1304672822540687,0.0847217455329805,0.2439809274709309,0.0604767125616021,0.009717802056232,10_sp_aij_18,9275155,0.01,10,5594,22,15,seq
243,3.6363636363636367,0.2440199492504456,0.1861389220726717,0.0854740909450546,0.1281631576162454,0.0803538289034659,0.1846225152372093,0.1030317013890982,0.3415916055220537,0.0713366962948029,0.0125829842715049,10_sp_aij_18,9275155,0.01,10,5594,22,15,seq
244,4.848484848484849,0.2779663315485837,0.2100495838588601,0.1332734199335538,0.1883140402128919,0.0833158310713736,0.2117459093791431,0.1256753590227357,0.3884429046507339,0.0781215698652204,0.0180571794515682,10_sp_aij_18,9275155,0.01,10,5594,22,15,seq
245,6.0606060606060606,0.2807300785979499,0.2228302076605833,0.1636843343662269,0.2551670883383007,0.085809817951769,0.2095875846668245,0.1492124616354933,0.4140289562237473,0.0907135881188332,0.0259109546419596,10_sp_aij_18,9275155,0.01,10,5594,22,15,seq
246,7.272727272727273,0.2771682542023431,0.2327113854443011,0.1732934594442555,0.2847354720172018,0.0841176465651769,0.1997527366067184,0.174493293510015,0.4405689480680856,0.1017787506073908,0.0330943549788323,10_sp_aij_18,9275155,0.01,10,5594,22,15,seq
247,8.484848484848484,0.2727203556846998,0.2352354443372084,0.1754429120254929,0.2942587908104321,0.0776363927427159,0.193977679286126,0.1869843524252689,0.4461511222569757,0.109851616293049,0.0417540200821182,10_sp_aij_18,9275155,0.01,10,5594,22,15,seq
248,10.0,0.2768841421006878,0.2334896812428327,0.1780036168163181,0.3067142702711316,0.0766034928839908,0.1903027948352691,0.1881365007915423,0.446953161697122,0.1134735135146289,0.0500590130536866,10_sp_aij_18,9275155,0.01,10,5594,22,15,seq
249,11.212121212121213,0.2811498099335879,0.2340494829116568,0.1807602590317333,0.3069706777502309,0.0758281832326192,0.1938865948307505,0.1896589059318002,0.4480086015771794,0.1129293094081116,0.0579922302112783,10_sp_aij_18,9275155,0.01,10,5594,22,15,seq
250,12.424242424242424,0.278141626019014,0.2380431557591519,0.1816369362813521,0.3109754572159188,0.0740960036595227,0.197511509937553,0.1987006397385905,0.4511192304292475,0.1171221565330962,0.0662732088363374,10_sp_aij_18,9275155,0.01,10,5594,22,15,seq
251,13.636363636363637,0.2760121666678015,0.2377186304395709,0.1847490134984665,0.3212363704667339,0.071206210122601,0.2004470863755059,0.2027014723668724,0.4594693318057304,0.1162631925883722,0.0716912247532935,10_sp_aij_18,9275155,0.01,10,5594,22,15,seq
252,14.84848484848485,0.2786131550847018,0.2390508547348845,0.181446151576447,0.3325002414700269,0.0693313024571493,0.1945747520386414,0.2024162743157433,0.4659075220069208,0.1196675955363459,0.0770419455469412,10_sp_aij_18,9275155,0.01,10,5594,22,15,seq
253,16.060606060606062,0.2779221799325737,0.2374365660007673,0.1785756245572923,0.3227509063718741,0.065574305575401,0.1940528973184596,0.1951736855591377,0.462819276832496,0.1218272121723678,0.0832280128922373,10_sp_aij_18,9275155,0.01,10,5594,22,15,seq
254,17.272727272727273,0.2813566495628088,0.2336941049410622,0.182488852343547,0.323243522784973,0.0622521716531496,0.2019171642633805,0.1958136417286581,0.4580371839231146,0.1237220459577461,0.0854526847907247,10_sp_aij_18,9275155,0.01,10,5594,22,15,seq
255,0.0,0.06,0.06,0.01,0.01,0.01,0.08,0.08,0.04,0.04,0.05,10_sp_aij_18,9845126,0.01,10,5594,22,15,seq
256,1.2121212121212122,0.1190744065246821,0.0860256633594838,0.024003238231325,0.0197235679413581,0.0191548662424498,0.1604579092879932,0.0983382616087485,0.1201591427929687,0.0396858087020702,0.0420532401127914,10_sp_aij_18,9845126,0.01,10,5594,22,15,seq
257,2.4242424242424243,0.2059658158290863,0.1151479010060231,0.0563537798398032,0.0506053998866171,0.0301314593262161,0.2495101943300451,0.1097771049433379,0.2488448467585744,0.0388277385657825,0.0476641746772814,10_sp_aij_18,9845126,0.01,10,5594,22,15,seq
258,3.6363636363636367,0.2878675208612513,0.148694853517716,0.1130757131507046,0.1428374190826741,0.0403660467417692,0.2999925785555697,0.1202199791261449,0.3286516535313207,0.040510822274961,0.0696466680117034,10_sp_aij_18,9845126,0.01,10,5594,22,15,seq
259,4.848484848484849,0.3101020327133272,0.1647489038513527,0.16181247570018,0.2961245148719349,0.0504912308560555,0.2818293307971851,0.1491552641265157,0.3745037341716398,0.0474238649389513,0.1005246449538994,10_sp_aij_18,9845126,0.01,10,5594,22,15,seq
260,6.0606060606060606,0.2870145556338198,0.1819783535326303,0.1814534815865882,0.3819412157434239,0.0639190220589007,0.2468915913918509,0.1838234133894576,0.4059863145883766,0.0632386139545945,0.1217126215289012,10_sp_aij_18,9845126,0.01,10,5594,22,15,seq
261,7.272727272727273,0.2774619830181957,0.1991408434304825,0.1883701905879045,0.3871242937667946,0.0720336037233038,0.2185519669747738,0.204306838793299,0.4435751618091484,0.0800344012151021,0.1271681157933124,10_sp_aij_18,9845126,0.01,10,5594,22,15,seq
262,8.484848484848484,0.2798157570831576,0.2126417473674728,0.1920708952246115,0.3792360202975782,0.0721070885313912,0.2210132797255528,0.2112519202041602,0.4590557552955306,0.0941966215316717,0.1256368908004817,10_sp_aij_18,9845126,0.01,10,5594,22,15,seq
263,10.0,0.2763305405336715,0.228431355614057,0.1922168987126723,0.3651140621443086,0.0707749911193761,0.2166746912900403,0.2087876105580482,0.4615204639671559,0.1114553901965406,0.1218429460887461,10_sp_aij_18,9845126,0.01,10,5594,22,15,seq
264,11.212121212121213,0.2749927909836023,0.2403935828999827,0.1931389819208616,0.3590474221848148,0.0681456266948005,0.2115791054183936,0.2044289178640226,0.4638416881501601,0.1195120275363429,0.117439340257178,10_sp_aij_18,9845126,0.01,10,5594,22,15,seq
265,12.424242424242424,0.278285991804778,0.2376812703915112,0.1903199424423713,0.3399341389661396,0.0647457498857842,0.2187659662714653,0.1996174279732226,0.4686501729083425,0.1207460438751417,0.1089759845097268,10_sp_aij_18,9845126,0.01,10,5594,22,15,seq
266,13.636363636363637,0.2802878623915217,0.2353215758922103,0.1898015064790243,0.3386682247139165,0.0634081632231345,0.2120796573629003,0.1977286555079414,0.4614516846474043,0.1275607386236848,0.1116748973061533,10_sp_aij_18,9845126,0.01,10,5594,22,15,seq
267,14.84848484848485,0.2897136946013381,0.236833454208006,0.1895039040768502,0.3434789173692611,0.062683022309101,0.2098823228863293,0.2006969060654191,0.4566824392660557,0.1249474566495086,0.1086887093586738,10_sp_aij_18,9845126,0.01,10,5594,22,15,seq
268,16.060606060606062,0.2888628767048566,0.2258157680888708,0.1870552783933948,0.3428637662340274,0.0629668240383046,0.2117826623322787,0.2009619745915557,0.4690222317486464,0.1253894411616034,0.1063168774958212,10_sp_aij_18,9845126,0.01,10,5594,22,15,seq
269,17.272727272727273,0.2839856338228892,0.225275417914995,0.189396388409536,0.3418955242951481,0.060771728701752,0.2159532874806598,0.2046261624385827,0.4675409393583631,0.1240390499851354,0.1106182879269626,10_sp_aij_18,9845126,0.01,10,5594,22,15,seq
270,10.0,0.2746081774197768,0.2337425464787204,0.1838752211482898,0.3285581293842204,0.0723061725459427,0.2026690827322796,0.1974393094910095,0.4624507924992263,0.1194113664232386,0.0904930161774788,10_sp_aij_18,10011807,0.01,10,5594,22,15,seq
271,11.212121212121213,0.2697958185046047,0.2326861882761106,0.1891062785203978,0.3197133129892348,0.0696199061788278,0.2073645368756073,0.2005749319604515,0.4692564068344614,0.1209307125466536,0.0955356401167834,10_sp_aij_18,10011807,0.01,10,5594,22,15,seq
272,12.424242424242424,0.2790501402410237,0.2361685698829228,0.187526409178541,0.3292922752706859,0.0661708822623372,0.2135176323290458,0.196796281993143,0.4634762820808366,0.1197587975441765,0.0979686347502306,10_sp_aij_18,10011807,0.01,10,5594,22,15,seq
273,13.636363636363637,0.2765448352959618,0.2365358614388108,0.1847938597043831,0.3258362674976243,0.0624474069259978,0.2039477189629564,0.1896975674833354,0.4573083045932386,0.12207952616416,0.1005029445461287,10_sp_aij_18,10011807,0.01,10,5594,22,15,seq
274,14.84848484848485,0.2785859827425478,0.230619596834702,0.1874447342846358,0.3225359922137331,0.0618495995825537,0.2031105910027049,0.1963264621462501,0.4618390906657308,0.1227177847959816,0.1004912029554513,10_sp_aij_18,10011807,0.01,10,5594,22,15,seq
275,16.060606060606062,0.278560591076697,0.229220978602367,0.1870343517117103,0.3232355855731589,0.0606722609758092,0.2109234747355825,0.2053777910088972,0.4601915338696642,0.1244912641294252,0.1014753143751987,10_sp_aij_18,10011807,0.01,10,5594,22,15,seq
276,17.272727272727273,0.2804809463085929,0.2299759980265242,0.1871210395195787,0.3362548600326048,0.0584448966387127,0.210776232407926,0.205179143535083,0.4629543487369447,0.1224499335507301,0.1015672647959284,10_sp_aij_18,10011807,0.01,10,5594,22,15,seq
277,18.484848484848484,0.2853418601915266,0.2291330254758389,0.1855769966849787,0.3409689096132534,0.0595575653398533,0.2133045378706084,0.2005798401940005,0.4587461417657656,0.1202364996844384,0.108209948809327,10_sp_aij_18,10011807,0.01,10,5594,22,15,seq
278,20.0,0.2847274468142234,0.220613973826427,0.1844081376010833,0.3550548931292752,0.059379432513937,0.2178624799404319,0.2043405692621629,0.4577246800836571,0.1251488819036028,0.1105946620475304,10_sp_aij_18,10011807,0.01,10,5594,22,15,seq
279,21.21212121212121,0.2814240122595187,0.2261190490581235,0.1925115170664105,0.3543604121717177,0.0622167597445153,0.2146918248372538,0.2076371824715066,0.4672442526442206,0.1264416955087449,0.1146918574870977,10_sp_aij_18,10011807,0.01,10,5594,22,15,seq
280,22.424242424242426,0.2745040285268647,0.2270914163338659,0.1879137873389783,0.3534568816290858,0.0618194331737127,0.2074321280625503,0.2081708722598139,0.4667889936825058,0.1261402964891129,0.1084756780676517,10_sp_aij_18,10011807,0.01,10,5594,22,15,seq
281,23.63636363636364,0.2796994698782103,0.2247478572627428,0.1881782127325821,0.341627524656965,0.0610888559286803,0.2076605765140378,0.2021780427624373,0.4654439253994075,0.1282162703590621,0.112497960180219,10_sp_aij_18,10011807,0.01,10,5594,22,15,seq
282,24.848484848484848,0.2869118300967788,0.22949452366935,0.184570435671049,0.3447240543655161,0.060559537167717,0.2069398789003844,0.2037012602880929,0.4560498858683603,0.1304912002731366,0.109934444901376,10_sp_aij_18,10011807,0.01,10,5594,22,15,seq
283,26.060606060606062,0.2825979704132164,0.2267077654056359,0.1797979010357915,0.3410833716611637,0.0593896637999943,0.2141761218235982,0.2059967638673387,0.4702692317804582,0.1328077526810469,0.1077869465904421,10_sp_aij_18,10011807,0.01,10,5594,22,15,seq
284,27.272727272727277,0.2875887944186023,0.2284445073287616,0.1814260979708007,0.3505083880663617,0.0591772626565674,0.2134715714018024,0.2057145248617595,0.4695625718002033,0.1286693334408012,0.1091616132518499,10_sp_aij_18,10011807,0.01,10,5594,22,15,seq
285,4.848484848484849,0.2285618370721445,0.2406818109906294,0.1869492056095013,0.3023407387475526,0.1158499825661035,0.1715843959297577,0.19807337674455,0.4209867676681608,0.027265491966102,0.0345686734904353,10_sp_aij_18,10488077,0.01,10,5594,22,15,seq
286,6.0606060606060606,0.2434929103295726,0.2455415295290377,0.1788223398320311,0.3037571419247884,0.1034045075660904,0.1689210063932675,0.2023924704834824,0.4229406349877462,0.0395505553549794,0.0361046845784054,10_sp_aij_18,10488077,0.01,10,5594,22,15,seq
287,7.272727272727273,0.2478715148963605,0.2498161621138855,0.1705844645369269,0.2940529951006091,0.0933315133909041,0.1651468705592473,0.2004761300102445,0.4237547094646115,0.0541309807732474,0.0390319311019204,10_sp_aij_18,10488077,0.01,10,5594,22,15,seq
288,8.484848484848484,0.2537974750142407,0.2434417607927748,0.1673134095104179,0.2936489793725162,0.0840459704905231,0.1696307466110059,0.1994210888696965,0.4307564620955009,0.0721453735192572,0.0417326725645065,10_sp_aij_18,10488077,0.01,10,5594,22,15,seq
289,10.0,0.2681946515987234,0.2470632603943801,0.1715813493533485,0.3029709966089435,0.0797425135038768,0.1769105999377381,0.1914378628482433,0.4365607728919411,0.0885552352036425,0.0459477134134481,10_sp_aij_18,10488077,0.01,10,5594,22,15,seq
290,11.212121212121213,0.2646950396351687,0.245222502644921,0.1728785530713462,0.3030880431723348,0.0756663803046014,0.182195382611202,0.1945805248224415,0.4516773919377803,0.0987850465819057,0.0497734569639298,10_sp_aij_18,10488077,0.01,10,5594,22,15,seq
291,12.424242424242424,0.2627507182721995,0.2464979250736044,0.17179336029484,0.3018738199102708,0.0731728833519034,0.1917512992667411,0.196732642739518,0.4528464450606858,0.1070964140384838,0.0546527159655188,10_sp_aij_18,10488077,0.01,10,5594,22,15,seq
292,13.636363636363637,0.268451312742339,0.2397445766922137,0.1805559563647889,0.3039418914915147,0.0744436291327451,0.188419595543548,0.1922341995371831,0.4629970091577408,0.116409899531374,0.0594226117679542,10_sp_aij_18,10488077,0.01,10,5594,22,15,seq
293,14.84848484848485,0.2731354068018031,0.2378834156024499,0.1844643988146477,0.3109175156236208,0.0718117898367937,0.1924418595900962,0.1943842155332666,0.4575592896971287,0.121875728306775,0.0649089779519905,10_sp_aij_18,10488077,0.01,10,5594,22,15,seq
294,16.060606060606062,0.2850290415244302,0.249856452811811,0.1823792313605831,0.3063874111979732,0.0705669570134617,0.1918248945464973,0.1959608368623599,0.4544169745168883,0.1228571868629038,0.0714907051234384,10_sp_aij_18,10488077,0.01,10,5594,22,15,seq
295,17.272727272727273,0.2735312134840972,0.2403806867801761,0.1831756459734759,0.3187319602510919,0.0656575743159185,0.1958549836938628,0.1928479005487702,0.4621910817603167,0.1238424164115588,0.0743169112914669,10_sp_aij_18,10488077,0.01,10,5594,22,15,seq
296,18.484848484848484,0.2850566374861086,0.2340566592549285,0.1799813016935853,0.3132927041620867,0.0640132998858925,0.1953886380437841,0.1979685487878022,0.4656171652661975,0.1262306663404518,0.0792349483336957,10_sp_aij_18,10488077,0.01,10,5594,22,15,seq
297,20.0,0.2783452667336349,0.2305382812002051,0.1751741094637727,0.3196923014370429,0.0635856110249733,0.1999083936791346,0.1992804728043238,0.4595987585185143,0.125849841265974,0.0820315475066156,10_sp_aij_18,10488077,0.01,10,5594,22,15,seq
298,21.21212121212121,0.283845393382078,0.2302697580458944,0.1764756660240201,0.3193064091031625,0.0623292254524083,0.206912765149457,0.1983033773433716,0.4549879308212691,0.126269174297337,0.0875464230346175,10_sp_aij_18,10488077,0.01,10,5594,22,15,seq
299,22.424242424242426,0.2909218972022692,0.2331963797034486,0.1842858417152068,0.327162000633256,0.060035970569122,0.2127981871049672,0.201850951769397,0.4742498577898554,0.1299181256930245,0.0932892164437637,10_sp_aij_18,10488077,0.01,10,5594,22,15,seq
300,1.2121212121212122,0.1422881046711101,0.089722410219133,0.1262171909487116,0.0274713478293744,0.1055959790556154,0.07319140932724,0.0224545830449033,0.1377640792651415,0.0574279563795967,0.0104522763761271,10_sp_aij_18,11563241,0.01,10,5594,22,15,seq
301,2.4242424242424243,0.2045432307897041,0.1491747099828411,0.1637108725442871,0.0440782995611055,0.118575688239476,0.1247406283015503,0.0439908794702511,0.2692317855726133,0.0652355764786896,0.0113278339242871,10_sp_aij_18,11563241,0.01,10,5594,22,15,seq
302,3.6363636363636367,0.2565027649980886,0.201204787646701,0.1820726238703073,0.0781673461544951,0.1083887337675687,0.1714963120366081,0.0718110677671456,0.3433447463507668,0.0707742362135096,0.0137363831929434,10_sp_aij_18,11563241,0.01,10,5594,22,15,seq
303,4.848484848484849,0.2896792837054951,0.2293686465179288,0.1838255195845523,0.1421282004603481,0.0931580601496843,0.2086772649441214,0.1039882031416665,0.3808534834469718,0.0780578055893592,0.0176982052993607,10_sp_aij_18,11563241,0.01,10,5594,22,15,seq
304,6.0606060606060606,0.2946503510740706,0.2352729586960328,0.1787450087519133,0.2202487890984879,0.0853144444538627,0.2095514964022748,0.1377627734843124,0.4029039189914078,0.0872945061155528,0.0234843927547826,10_sp_aij_18,11563241,0.01,10,5594,22,15,seq
305,7.272727272727273,0.2927430738006906,0.2353077770503778,0.179337026595092,0.2755033292017872,0.0819113916758765,0.2003094618944462,0.1646053695495743,0.4299676557469786,0.0996214202200738,0.0296745480884144,10_sp_aij_18,11563241,0.01,10,5594,22,15,seq
306,8.484848484848484,0.2819003707996212,0.2381349970049872,0.1759443188635639,0.3014985702268687,0.0829570200563567,0.194193625286129,0.1889119431122935,0.4443651684725313,0.1055792995483446,0.0388209724293437,10_sp_aij_18,11563241,0.01,10,5594,22,15,seq
307,10.0,0.2704517606227398,0.2406227025066762,0.1779165055514445,0.3034753062041097,0.0789373954919045,0.1881882894641321,0.1979781678495241,0.4507261541965535,0.1138497513712248,0.0502895713198281,10_sp_aij_18,11563241,0.01,10,5594,22,15,seq
308,11.212121212121213,0.2749796034058384,0.2400401828675102,0.1824989359429841,0.2999589246431121,0.0751110322474995,0.1889679421821949,0.1985230830996031,0.451310510010077,0.1194258831028582,0.0552208465242333,10_sp_aij_18,11563241,0.01,10,5594,22,15,seq
309,12.424242424242424,0.2730839042802676,0.2392911501856853,0.1818554685765667,0.3015392151658138,0.0737070072603944,0.1917071062523715,0.1997200952202275,0.4592622696263805,0.1219470604046515,0.061122486733529,10_sp_aij_18,11563241,0.01,10,5594,22,15,seq
310,13.636363636363637,0.276180532456561,0.2422052414545071,0.1806293823758995,0.3107528673116604,0.0685029236518299,0.1956798779466812,0.2011811079535111,0.4640421048011524,0.1199868838293894,0.06767917436674,10_sp_aij_18,11563241,0.01,10,5594,22,15,seq
311,14.84848484848485,0.2786672980815963,0.2350717843872133,0.1823639671291299,0.3184368845906251,0.066966676285943,0.1977579174274722,0.1948633009099268,0.4669616099256843,0.1242570968216385,0.0729756245438499,10_sp_aij_18,11563241,0.01,10,5594,22,15,seq
312,16.060606060606062,0.2673407721979703,0.2357489034638073,0.1851525216052315,0.3233312954567172,0.0665522844971497,0.199082051887327,0.199955355024357,0.461752550823624,0.1243691339283176,0.0773599795723509,10_sp_aij_18,11563241,0.01,10,5594,22,15,seq
313,17.272727272727273,0.278388896208016,0.2354415497423386,0.1802684505886282,0.3147287613356214,0.0649707933789204,0.2083735475385075,0.1992384826093508,0.4722852095325064,0.1262499034286366,0.0822656973050457,10_sp_aij_18,11563241,0.01,10,5594,22,15,seq
314,18.484848484848484,0.2851056064550232,0.2269922711642614,0.1850050362094458,0.3344543321062089,0.0635117304251432,0.2158249818190248,0.2010232593606472,0.4763907640509664,0.1265858133305842,0.0914816280165562,10_sp_aij_18,11563241,0.01,10,5594,22,15,seq
315,2.4242424242424243,0.2286634611422861,0.1674973726495966,0.0574342070175021,0.0667001375312503,0.0845386594255607,0.2035070890096494,0.0593570053131119,0.3219225601590094,0.0858933398880129,0.0525400397000182,10_sp_aij_18,12733201,0.01,10,5594,22,15,seq
316,3.6363636363636367,0.2933234432732929,0.1931474406710432,0.1105825182881184,0.1247388172369203,0.0764977774763555,0.2649107057415735,0.0748628373248046,0.3735885063428685,0.0885205472429798,0.0726216146577814,10_sp_aij_18,12733201,0.01,10,5594,22,15,seq
317,4.848484848484849,0.3214304502712924,0.1994289243053812,0.1550954273840404,0.2297502787829585,0.0759487383071781,0.2717907031402674,0.0985373462692129,0.3966743646184051,0.0935980190929266,0.0993923067625236,10_sp_aij_18,12733201,0.01,10,5594,22,15,seq
318,6.0606060606060606,0.3089864466276549,0.209547538234602,0.1898003784561805,0.3104503027653144,0.0769193688573204,0.2600247247809444,0.1296052559526838,0.4264876219609549,0.104696500377199,0.1231435169516636,10_sp_aij_18,12733201,0.01,10,5594,22,15,seq
319,7.272727272727273,0.2987423396986882,0.2248034549376538,0.1920792677191364,0.3474470614620318,0.077381234566483,0.2409123257236478,0.1633820222262261,0.4453262367145579,0.1181554447226298,0.1294412330759419,10_sp_aij_18,12733201,0.01,10,5594,22,15,seq
320,8.484848484848484,0.293876984265366,0.224646211707871,0.1893206356173917,0.3514960829041783,0.0727319867879252,0.2288012261540848,0.1796939363619462,0.4670335490550394,0.1264058578702383,0.1288746884085399,10_sp_aij_18,12733201,0.01,10,5594,22,15,seq
321,10.0,0.2813001142805796,0.2300605599548775,0.1918765138717348,0.3496971053349282,0.0688339176345157,0.2195634608139706,0.1902058395716657,0.4701523804533631,0.1278475039054647,0.1299125196096684,10_sp_aij_18,12733201,0.01,10,5594,22,15,seq
322,11.212121212121213,0.2867674359444031,0.2296342638866534,0.1947053723552525,0.3501414794653791,0.0681952726230883,0.2252088929025889,0.1955540438739872,0.4839423705257583,0.1294690687773053,0.1240884379435729,10_sp_aij_18,12733201,0.01,10,5594,22,15,seq
323,12.424242424242424,0.2833683277627127,0.2287818791318715,0.1976032140428034,0.352437548837659,0.0662826213950229,0.2230722615971322,0.1917651067342864,0.4824784396287043,0.129743572112356,0.122585445243146,10_sp_aij_18,12733201,0.01,10,5594,22,15,seq
324,13.636363636363637,0.2936895914423202,0.2312458006071598,0.1897429167477801,0.342780536343619,0.0640493562103361,0.2219340265273803,0.1953509074108836,0.4679753512169642,0.1281168372442869,0.1232029684097132,10_sp_aij_18,12733201,0.01,10,5594,22,15,seq
325,14.84848484848485,0.2904005793119,0.2255183311866612,0.18527655911808,0.3521469951160327,0.063394173217402,0.2266469603702934,0.2023692454209373,0.4626851899330619,0.1274049152064902,0.1209426702524706,10_sp_aij_18,12733201,0.01,10,5594,22,15,seq
326,16.060606060606062,0.2903179960871449,0.2324579224308071,0.182721793532197,0.3557509495561036,0.0614056000098466,0.2220274153721309,0.2069961242814774,0.4678701214780918,0.1272876512226706,0.119377330767166,10_sp_aij_18,12733201,0.01,10,5594,22,15,seq
327,17.272727272727273,0.2816812917209311,0.2260203358925186,0.1854132972335498,0.3469735006793149,0.0591659831150151,0.2147011376807625,0.2014524126911601,0.4723953270740099,0.132042765066309,0.1186558323390447,10_sp_aij_18,12733201,0.01,10,5594,22,15,seq
328,18.484848484848484,0.2807378320891019,0.2249800155452791,0.1874334651379123,0.3513344783753743,0.0580181220403226,0.2162198335555456,0.2018369706083253,0.479521067637664,0.1331985009592272,0.1169721544075813,10_sp_aij_18,12733201,0.01,10,5594,22,15,seq
329,20.0,0.2813066158046025,0.2265862570098808,0.1883666779275943,0.3415329911228723,0.0591785410987308,0.214793124253128,0.2017974694653953,0.4732974876323759,0.1275334242793665,0.1144045914924338,10_sp_aij_18,12733201,0.01,10,5594,22,15,seq
